1 0 -30 1 2 -1 -1 -1
1 0 -30 1 2 -1 -1 -1
0 0 -30 1 2 -1 -1 -1
0 0 -30 1 2 -1 -1 -1
0 0 -30 1 2 -1 -1 -1
0 0 -30 1 2 -1 -1 -1
0 1 -30 1 2 -1 -1 -1
0 0 -30 1 1 -1 -1 -1
0 0 -30 1 2 -1 -1 -1
0 0 -30 1 2 -1 -1 -1
0 0 -30 1 2 -1 -1 -1
0 0 -30 1 2 -1 -1 -1
0 0 -30 1 2 -1 -1 -1
0 0 -30 1 2 -1 -1 -1
0 0 -30 1 2 -1 -1 -1
0 0 -30 1 2 -1 -1 -1
0 0 -30 1 2 -1 -1 -1
0 1 -30 0 2 -1 -1 -1
0 0 -30 1 2 -1 -1 -1
0 0 -30 1 2 -1 -1 -1
1 0 -30 1 2 -1 -1 -1
0 0 -30 1 2 -1 -1 -1
0 0 -30 1 1 -1 -1 -1
0 0 -30 1 2 -1 -1 -1
0 0 -30 1 2 -1 -1 -1
0 0 -30 1 2 -1 -1 -1
0 0 -30 1 2 -1 -1 -1
0 1 -30 1 2 -1 -1 -1
0 0 -30 1 2 -1 -1 -1
0 1 -30 1 2 -1 -1 -1
0 0 -30 1 2 -1 -1 -1
1 0 -30 1 2 -1 -1 -1
0 0 -30 1 2 -1 -1 -1
0 0 -30 1 2 -1 -1 -1
0 0 -30 1 2 -1 -1 -1
0 0 -30 1 2 -1 -1 -1
0 0 -30 1 2 -1 -1 -1
0 0 -30 1 3 -1 -1 -1
0 0 -30 1 2 -1 -1 -1
0 0 -30 1 2 -1 -1 -1
0 0 -30 1 2 -1 -1 -1
0 0 -30 1 2 -1 -1 -1
0 1 -30 1 2 -1 -1 -1
0 2 -30 1 2 -1 -1 -1
1 0 -30 1 2 -1 -1 -1
0 0 -30 1 2 -1 -1 -1
1 0 -30 1 2 -1 -1 -1
1 0 -30 1 2 -1 -1 -1
1 0 -30 1 2 -1 -1 -1
0 0 -30 1 2 -1 -1 -1
0 1 -30 1 2 -1 -1 -1
0 0 -30 1 2 -1 -1 -1
0 0 -30 1 2 -1 -1 -1
0 0 -30 1 2 -1 -1 -1
0 0 -30 1 2 -1 -1 -1
0 0 -30 1 2 -1 -1 -1
0 0 -30 1 2 -1 -1 -1
0 0 -30 1 2 -1 -1 -1
0 0 -30 1 2 -1 -1 -1
0 0 -30 1 2 -1 -1 -1
1 0 -30 1 2 -1 -1 -1
0 1 -30 1 2 -1 -1 -1
1 0 -30 1 2 -1 -1 -1
0 0 -30 1 2 -1 -1 -1
0 0 -30 1 2 -1 -1 -1
0 0 -30 1 2 -1 -1 -1
1 0 -30 1 2 -1 -1 -1
0 0 -30 1 1 -1 -1 -1
1 0 -30 1 2 -1 -1 -1
0 1 -30 1 2 -1 -1 -1
0 0 -30 1 2 -1 -1 -1
0 0 -30 1 2 -1 -1 -1
0 2 -30 1 2 -1 -1 -1
0 0 -30 1 2 -1 -1 -1
0 0 -30 1 2 -1 -1 -1
0 0 -30 1 2 -1 -1 -1
0 0 -30 1 2 -1 -1 -1
0 1 -30 1 2 -1 -1 -1
0 0 -30 1 2 -1 -1 -1
0 0 -30 1 2 -1 -1 -1
0 0 -30 1 2 -1 -1 -1
0 1 -30 1 2 -1 -1 -1
0 0 -30 1 2 -1 -1 -1
0 0 -30 1 2 -1 -1 -1
0 0 -30 1 2 -1 -1 -1
0 0 -30 1 2 -1 -1 -1
1 0 -30 1 2 -1 -1 -1
0 0 -30 1 2 -1 -1 -1
0 0 -30 1 2 -1 -1 -1
0 0 -30 1 2 -1 -1 -1
0 0 -30 1 2 -1 -1 -1
1 0 -30 1 2 -1 -1 -1
0 0 -30 1 2 -1 -1 -1
0 0 -30 1 2 -1 -1 -1
0 0 -30 1 2 -1 -1 -1
0 0 -30 1 2 -1 -1 -1
0 0 -30 1 2 -1 -1 -1
0 1 -30 0 2 -1 -1 -1
0 0 -30 1 2 -1 -1 -1
0 0 -30 1 2 -1 -1 -1
0 0 -30 1 2 -1 -1 -1
0 0 -30 1 2 -1 -1 -1
0 0 -30 1 2 -1 -1 -1
0 1 -30 1 2 -1 -1 -1
0 0 -30 1 2 -1 -1 -1
0 0 -30 1 2 -1 -1 -1
0 0 -30 1 2 -1 -1 -1
0 1 -30 1 2 -1 -1 -1
0 0 -30 1 2 -1 -1 -1
0 0 -30 1 2 -1 -1 -1
1 0 -30 1 2 -1 -1 -1
0 0 -30 1 2 -1 -1 -1
0 0 -30 0 3 -1 -1 -1
0 0 -30 1 2 -1 -1 -1
0 0 -30 1 2 -1 -1 -1
0 1 -30 1 2 -1 -1 -1
1 0 -30 1 2 -1 -2 -1
0 0 -30 1 2 -1 -1 -1
0 0 -30 1 2 -1 -1 -1
0 0 -30 1 2 -1 -1 0
1 0 -30 1 2 -1 -1 -1
0 0 -30 1 2 -1 -1 -1
0 0 -30 1 2 -1 -1 0
0 0 -30 1 2 -1 -1 -1
0 0 -30 1 2 -1 -1 -1
0 1 -30 1 2 -1 -1 -1
1 0 -30 1 2 -1 0 -1
0 0 -30 0 3 -1 -1 -1
0 0 -30 1 2 -1 -1 -1
0 0 -30 1 2 -1 -1 -1
1 0 -30 1 2 -1 -1 -1
0 1 -30 1 2 -1 -1 -1
0 0 -30 1 2 -1 -1 -1
0 1 -30 1 2 -1 -1 -1
0 0 -30 1 2 -1 -1 -1
0 0 -30 1 2 -1 -1 -1
0 0 -30 1 2 -1 -1 -1
0 0 -30 1 2 -1 -1 -1
0 0 -30 1 2 -1 -1 -1
0 0 -30 1 2 -1 -1 -1
0 1 -30 1 2 -1 -1 -1
0 0 -30 1 2 -1 -1 -1
1 0 -30 0 3 -1 -1 -1
0 0 -30 1 2 -1 -1 -1
0 0 -30 1 2 -1 -1 -1
0 0 -30 1 2 -1 0 -1
1 0 -30 1 2 -1 -1 -1
0 0 -30 1 2 -1 -1 -1
1 0 -30 1 2 -1 -1 -1
0 0 -30 1 2 -1 -1 -1
0 0 -30 1 2 -1 -1 -1
0 0 -30 1 2 -1 -1 -1
1 0 -30 1 2 -1 -1 -1
0 0 -30 1 2 -1 -1 -1
0 0 -30 1 2 -1 -1 -1
0 0 -30 1 2 -1 -1 -1
0 0 -30 1 2 -1 -1 -1
0 0 -30 1 3 -1 -1 -1
0 0 -30 1 2 -1 -1 -1
0 0 -29 1 2 -1 0 -1
1 0 -30 1 2 -1 -1 -1
0 0 -30 1 2 -1 -1 -1
0 0 -30 1 2 -1 -1 -1
0 0 -30 1 2 -1 -1 -1
0 0 -30 1 2 -1 -1 -1
0 0 -30 1 2 -1 -1 -1
0 0 -30 1 2 -1 -1 -1
0 0 -30 1 2 -1 -1 -1
0 0 -30 1 2 -1 -1 -1
0 0 -30 1 2 -1 -1 -1
0 0 -30 1 2 -1 -1 -1
0 0 -30 1 2 -1 0 -1
0 0 -31 2 2 -1 -1 0
1 0 -30 1 2 0 1 -1
0 0 -30 1 2 -1 -1 -1
0 0 -30 1 2 -1 -1 0
0 0 -30 1 2 -1 -1 -1
0 0 -30 1 2 -1 -1 -1
0 0 -30 1 2 -1 -1 -1
0 0 -30 1 2 -1 -1 -1
0 0 -30 1 2 -1 -1 -1
1 0 -30 1 2 -1 -1 -1
0 1 -30 1 2 -1 -1 -1
0 0 -30 1 2 -1 -1 -1
0 0 -30 1 2 -1 -1 -1
0 0 -30 1 2 -1 -1 -1
0 1 -30 1 2 -1 -1 -1
0 0 -29 1 2 -1 -1 -1
0 0 -30 1 2 -1 -1 -1
0 0 -30 1 2 -1 -1 -1
0 0 -29 1 2 -1 0 -1
1 0 -30 1 2 -1 -1 -1
0 0 -30 1 2 -1 -1 -1
0 0 -30 1 2 -1 -1 -1
0 0 -30 1 2 -1 -1 -1
0 0 -30 1 2 -1 -1 -1
0 0 -30 1 2 -1 -1 -1
2 0 -30 1 2 -1 -1 -1
0 0 -30 1 2 -1 -1 -1
0 0 -30 1 2 -1 -1 -1
0 0 -30 1 2 -1 -1 -1
0 1 -30 1 2 -1 -1 -1
0 0 -30 1 2 -1 -1 -1
0 0 -30 1 2 -1 -1 -1
0 0 -30 1 2 -1 -1 -1
0 0 -30 1 2 -1 -1 -1
0 0 -30 1 3 -2 -1 -1
1 0 -30 1 2 -1 0 -1
0 0 -30 1 2 -1 -1 -1
0 0 -30 1 2 -1 -1 -1
0 0 -30 1 2 -1 -1 -1
0 0 -30 1 2 -1 -1 -1
0 0 -30 1 2 -1 -1 -1
0 0 -30 1 2 -1 -1 -1
0 0 -30 1 2 -1 -1 -1
0 0 -30 1 2 -1 -1 -1
0 0 -30 1 2 -1 -1 -1
0 0 -30 1 2 -1 -1 -1
0 0 -30 1 2 -1 -1 -1
0 0 -30 1 2 -1 -1 -1
0 3 -30 1 3 -2 0 -1
0 0 -30 1 2 -1 0 -1
0 0 -30 1 2 -1 0 -1
0 0 -30 1 2 -1 -1 -1
0 0 -30 1 2 -1 -1 -1
0 2 -30 1 2 -1 -1 -1
0 0 -30 1 2 -1 -1 -1
0 0 -30 1 2 -1 -1 -1
0 0 -30 1 2 -1 -1 -1
0 0 -30 1 2 -1 -1 -1
0 0 -30 1 2 -1 -1 -1
0 0 -30 1 2 -1 -1 0
0 1 -30 1 2 -1 -1 -1
0 0 -30 1 2 -1 -1 -1
0 0 -30 1 2 -1 -1 -1
0 0 -31 1 2 0 -1 -1
0 0 -30 1 2 -1 -1 -1
0 1 -30 1 2 -1 -1 0
1 0 -30 1 2 -1 -1 -1
1 0 -30 1 2 -1 -1 -1
0 1 -30 1 2 -1 -1 -1
0 1 -30 1 2 -1 -1 -1
0 0 -30 1 2 -1 -1 -1
0 0 -30 1 2 -1 -1 -1
0 0 -30 1 2 -1 -1 -1
0 0 -30 1 2 -1 -1 -1
0 0 -30 1 2 -1 -1 -1
0 1 -30 1 2 -1 -1 -1
0 0 -30 1 2 -1 -1 -1
1 0 -30 1 2 -1 -1 -1
1 0 -30 1 2 -1 -1 -1
0 0 -30 1 2 -1 -1 -1
0 1 -30 1 2 -1 -1 -1
0 0 -30 1 2 -1 -1 -1
1 0 -30 1 2 -1 -1 -1
0 0 -30 1 2 -1 -1 -1
1 0 -30 1 1 -1 -1 -1
0 0 -29 0 2 -1 0 -1
0 0 -30 1 2 -1 -1 -1
0 0 -30 1 2 -1 -1 -1
0 0 -30 1 2 -1 -1 -1
0 0 -30 1 2 -1 -1 -1
0 0 -30 1 2 -1 -1 -1
0 0 -30 1 2 -1 -1 -1
31 0 -30 1 2 -1 -1 -1
0 0 -30 1 2 -1 -1 -1
0 0 -30 1 2 -1 -1 -1
0 30 -30 1 2 -1 -1 -1
0 0 -30 1 2 -1 -1 -1
0 0 -30 1 2 -1 -1 -1
0 0 -30 1 2 -1 -1 -1
0 0 -30 0 3 -1 -1 -1
0 0 -30 1 2 -1 -1 -1
0 0 -30 1 2 -1 -1 -1
0 0 -30 1 2 -1 -1 -1
1 0 -30 1 2 -1 -1 -1
7 0 -30 1 2 -1 -1 -1
0 0 -30 1 2 -1 0 -1
0 0 -30 1 2 -1 -1 -1
5 3 -30 1 2 -1 -1 0
0 0 -30 1 2 -1 -1 -1
0 0 -30 1 2 -1 -1 -1
0 8 -30 1 2 -1 -1 -1
0 1 -30 1 2 -1 -1 -1
0 0 -30 1 2 -1 -1 -1
0 0 -30 1 2 -1 -1 -1
0 0 -30 0 3 -1 -1 -1
0 0 -30 1 2 -1 -1 -1
0 0 -30 1 2 -1 -1 -1
0 0 -30 1 2 -1 -1 -1
0 2 -30 1 2 -1 -1 -1
1 0 -30 1 2 -1 -1 -1
0 0 -30 1 2 -1 -1 -1
0 0 -30 1 2 -1 -1 -1
0 0 -30 1 2 -1 -1 -1
0 0 -30 1 2 -1 -1 -1
0 0 -30 1 2 -1 -1 -1
0 0 -30 1 2 -1 -1 -1
0 1 -30 1 2 -1 -1 -1
0 1 -30 1 2 -1 -1 -1
0 0 -30 1 2 -1 -1 -1
0 0 -30 1 2 -1 -1 -1
0 0 -30 1 2 -1 -1 -1
0 0 -30 1 2 -1 -1 -1
0 0 -30 1 2 -1 -1 -1
0 0 -30 1 2 -1 -1 -1
1 0 -30 1 2 -1 -1 -1
0 0 -30 1 2 -1 -1 -1
0 0 -30 1 2 -1 -1 -1
0 0 -30 1 2 -1 -1 -1
0 0 -30 1 2 -1 0 -1
0 0 -30 1 2 -1 -1 -1
1 0 -30 1 2 -1 -1 -1
0 0 -30 1 2 -1 -1 -1
0 0 -30 1 2 -1 -1 -1
0 0 -30 1 2 -1 -1 -1
0 0 -30 1 2 -1 -1 -1
0 0 -30 1 2 -1 -1 -1
0 0 -30 1 2 -1 -1 -1
0 0 -30 1 2 -1 -1 -1
0 0 -30 1 2 -1 -1 -1
1 0 -30 1 2 -1 -1 -1
0 0 -30 1 2 -1 -1 -1
0 0 -30 1 2 -1 0 -1
0 0 -30 1 2 -1 -1 -1
0 0 -30 1 2 -1 -1 -1
0 0 -30 1 2 -1 -1 -1
0 0 -30 1 2 -1 -1 -1
0 1 -30 1 2 -1 -1 -1
0 0 -30 1 2 -1 -1 -1
0 0 -30 1 2 -1 -1 -1
0 0 -30 1 2 -1 -1 -1
1 0 -30 1 2 -1 -1 -1
0 0 -30 1 2 -1 -1 -1
0 0 -30 1 2 -1 -1 -1
0 0 -30 1 2 -1 -1 -1
0 0 -30 1 2 -1 -1 -1
0 0 -30 1 2 -1 -1 -1
0 0 -30 1 2 -1 -1 -1
0 0 -30 1 2 -1 -1 -1
0 0 -30 1 2 -1 -1 -1
0 0 -30 1 2 -1 -1 -1
0 0 -30 1 2 -1 -1 -1
0 0 -30 1 2 -1 -1 -1
0 0 -30 1 2 -1 -1 -1
0 0 -31 2 2 -1 -1 -1
0 0 -30 1 2 -1 -1 -1
0 0 -30 1 2 -1 -1 -1
0 0 -30 1 2 -1 -1 -1
0 0 -30 1 2 -1 -1 -1
1 1 -30 1 2 -1 -1 -1
0 0 -30 1 2 -1 -1 -1
0 0 -30 1 2 -1 -1 -1
0 0 -30 1 2 -1 -1 -1
0 0 -30 1 2 -1 -1 -1
0 0 -30 1 2 -1 -1 -1
2 0 -30 1 2 -1 -1 -1
0 0 -30 1 2 -1 -1 -1
0 0 -30 1 2 -1 -1 -1
0 0 -30 1 2 -1 -1 -1
0 0 -30 0 3 -1 -1 -1
0 0 -30 1 2 -1 -1 -1
0 0 -30 1 2 -1 -1 -1
0 0 -30 1 2 -1 -1 -1
0 0 -30 1 2 -1 -1 -1
0 0 -30 1 2 -1 -1 -1
0 0 -30 1 2 -1 -1 -1
0 0 -30 1 2 -1 -1 -1
0 0 -30 1 2 -1 -1 -1
1 0 -30 1 2 -1 -1 -1
0 0 -30 1 2 -1 -1 -1
0 0 -30 1 2 -1 -1 -1
0 0 -30 1 2 -1 -1 -1
0 1 -30 1 2 -1 -1 -1
0 0 -30 1 2 -1 -1 -1
0 0 -30 1 2 -1 -1 -1
0 0 -30 1 2 -1 -1 -1
0 0 -30 1 2 -1 -1 -1
0 0 -30 1 2 -1 -1 -1
0 0 -30 1 2 -1 -1 -1
0 0 -30 1 2 -1 -1 -1
0 0 -30 1 2 -1 -1 -1
0 0 -30 1 2 -1 -1 -1
0 0 -30 1 2 -1 -1 -1
1 0 -30 1 2 -1 -1 -1
0 0 -30 1 2 -1 -1 -1
0 0 -30 1 2 -1 -1 -1
0 0 -30 1 2 -1 -1 -1
2 0 -30 1 2 -1 -1 -1
0 1 -30 1 2 -1 -1 -1
0 0 -30 1 2 -1 -1 -1
1 0 -30 1 2 -1 -1 -1
0 0 -30 1 2 -1 -1 -1
0 0 -30 1 2 -1 -1 -1
1 0 -30 1 2 -1 -1 -1
0 0 -30 1 2 -1 0 -1
0 0 -30 1 2 -1 -1 -1
0 0 -30 1 2 -1 -1 -1
0 1 -30 1 2 -1 -1 -1
0 0 -30 1 2 -1 -1 -1
1 0 -30 1 2 -1 -1 -1
0 0 -30 1 2 -1 -1 -1
0 0 -30 1 2 -1 -1 -1
0 0 -30 1 2 -1 -1 -1
0 0 -30 1 2 -1 -1 -1
0 0 -30 1 2 -1 -1 -1
0 1 -30 1 2 -1 -1 -1
0 0 -30 1 2 -1 -1 -1
1 0 -30 1 2 -1 -1 -1
0 0 -30 1 2 -1 -1 -1
0 1 -30 1 2 -1 -1 -1
0 2 -31 2 2 -1 -1 -1
0 0 -30 1 2 -1 -1 -1
1 0 -30 1 2 -1 -1 -1
0 0 -30 1 2 -1 -1 -1
1 0 -30 1 2 -1 -1 -1
0 0 -30 1 2 -1 -1 -1
0 0 -30 1 2 -1 -1 -1
1 0 -30 1 2 -1 -1 -1
0 0 -30 1 2 -1 -1 -1
0 0 -30 1 2 -1 -1 -1
0 0 -30 1 2 -1 -1 -1
0 1 -30 1 2 -1 -1 -1
0 0 -30 1 2 -1 -1 -1
1 0 -30 1 2 -1 -1 -1
0 1 -30 1 2 -1 -1 0
0 0 -30 1 1 -1 -1 -1
0 0 -30 1 2 -1 -1 -1
2 0 -30 1 2 -1 -1 -1
1 0 -30 1 2 -1 -1 -1
0 0 -30 1 2 -1 -1 -1
0 0 -30 1 2 -1 -1 -1
0 0 -30 1 2 -1 -1 -1
0 0 -30 1 2 -1 -1 -1
0 0 -30 1 2 -1 -1 -1
0 0 -30 1 2 -1 -1 -1
0 0 -30 1 2 -1 -1 -1
0 0 -30 1 2 -1 -1 -1
0 0 -30 1 2 -1 -1 -1
0 0 -30 1 2 -1 -1 -1
1 0 -30 1 2 -1 -1 -1
0 0 -30 1 2 -1 -1 -1
0 0 -30 1 2 -1 -1 -1
0 0 -30 1 2 -1 -1 -1
0 0 -30 1 2 -1 -1 -1
0 0 -30 1 2 -1 -1 0
0 1 -30 1 2 -1 -1 -1
0 0 -30 1 2 -1 -1 -1
0 0 -30 1 2 -1 -1 -1
0 0 -30 1 2 -1 -1 -1
0 0 -30 1 2 -1 -1 -1
0 0 -30 1 2 -1 -1 -1
0 0 -30 1 2 -1 -1 -1
0 0 -30 1 2 -1 -1 -1
0 0 -30 1 2 -1 -1 -1
0 0 -30 1 2 -1 -1 -1
0 0 -30 1 2 -1 -1 -1
0 0 -30 1 2 -1 -1 -1
0 0 -30 1 2 -1 -1 -1
0 0 -30 1 2 -1 -1 -1
1 0 -30 1 2 -1 -1 -1
0 0 -30 1 2 -1 -1 -1
0 0 -31 2 2 -1 -1 -1
0 0 -30 1 2 -1 -1 -1
0 0 -30 1 2 -1 -1 -1
0 2 -30 1 2 -1 -1 -1
0 0 -30 1 2 -1 -1 -1
0 0 -30 1 2 -1 -1 -1
1 0 -30 1 2 -1 -1 -1
0 0 -30 1 2 -1 -1 -1
0 0 -30 1 2 -1 -1 -1
0 0 -30 1 2 -1 -1 -1
0 0 -30 1 2 -1 -1 -1
1 0 -30 1 2 -1 -1 -1
0 0 -30 1 2 -1 -1 -1
0 1 -30 1 2 -1 -1 -1
0 0 -30 1 2 -1 -1 -1
0 0 -30 0 3 -1 -1 -1
0 0 -30 1 2 -1 -1 -1
0 0 -30 1 2 -1 -1 -1
0 0 -30 1 2 -1 -1 -1
0 0 -30 1 2 -1 -1 -1
0 0 -30 1 2 -4 -8 -1
0 0 -30 1 1 0 14 -1
0 0 -29 1 0 -1 0 -1
0 0 -29 1 0 -1 -2 -1
0 0 -30 1 0 -1 -10 -1
1 0 -30 1 0 -1 -9 -1
0 0 -29 1 1 -1 -4 -1
0 0 -30 1 0 -3 0 0
2 0 -30 1 1 -1 -1 0
0 1 -30 1 1 -3 -1 0
0 0 -30 1 1 -1 -1 -1
0 1 -30 1 1 1 -1 0
0 0 -30 1 1 1 1 0
1 0 -30 1 1 1 0 0
1 1 -30 1 1 0 2 0
0 0 -30 1 1 -1 0 0
0 0 -30 1 1 -1 -3 -1
0 0 -30 1 1 0 0 -1
0 0 -30 1 1 -1 4 0
0 0 -30 1 1 5 2 -1
0 0 -30 1 0 0 -6 0
0 0 -30 1 1 -3 -2 -1
0 0 -30 1 1 -1 -10 0
0 0 -30 1 2 8 -10 1
2745 2805 -30 1 2 0 -3 0
2739 2811 -30 1 3 0 1 0
2744 2810 -30 1 3 0 -3 0
2741 2809 -30 1 3 0 5 0
2744 2814 -30 1 2 7 13 -2
2739 2812 -30 1 1 -2 -4 -1
2744 2814 -29 1 1 -1 1 1
2746 2818 -29 1 1 -3 -8 0
2744 2818 -30 1 2 -5 -2 -1
2744 2818 -30 1 2 -3 0 0
2743 2819 -30 1 2 3 -1 0
2746 2819 -29 2 -2 7 -5 0
2741 2817 -30 1 3 -2 -1 0
2742 2819 -30 1 2 0 -1 0
2743 2824 -30 1 2 0 -1 0
2746 2824 -30 1 2 0 -1 0
2747 2821 -30 1 2 0 -1 0
2745 2824 -30 1 2 0 -1 0
2747 2824 -30 1 2 0 -1 0
2749 2826 -30 1 2 0 -1 0
2746 2826 -30 1 2 0 -1 0
2746 2827 -30 0 2 0 -1 0
2746 2830 -30 1 1 0 -1 0
2749 2828 -30 1 2 0 -1 -1
2746 2829 -30 1 2 0 -1 -1
2748 2832 -30 1 2 -1 -1 0
2750 2830 -30 1 2 -1 -1 -1
2751 2830 -30 1 2 -1 -1 -1
2747 2828 -30 1 2 -1 -1 -1
2750 2827 -30 1 2 -1 -1 -1
2722 2825 -30 1 2 -1 -1 -1
2701 2813 -30 1 2 -1 -1 -1
2676 2783 -30 4 3 -2 -3 -1
2678 2736 -30 -1 1 -11 0 -2
2677 2692 -30 1 3 -10 1 -1
2680 2694 -30 1 2 -3 2 -1
2641 2701 -30 1 2 -1 2 -1
2619 2709 -30 1 2 -1 -2 -1
2616 2719 -30 1 3 -1 -1 -1
2605 2734 -30 1 2 -1 -1 -1
2555 2744 -30 1 3 -1 -1 -1
2569 2743 -30 1 2 -1 -1 -1
2540 2742 -30 1 3 -1 -1 -1
2567 2754 -30 1 2 -1 0 -1
2562 2762 -30 1 3 -1 -1 -1
2483 2743 -30 1 2 -1 -1 -1
2521 2734 -30 1 2 0 0 -1
2532 2724 -30 1 3 1 -1 0
2519 2715 -30 3 2 -14 2 -2
2525 2721 -30 1 2 -2 -1 -1
2518 2713 -30 1 2 -1 -1 -1
2535 2718 -30 1 3 -1 -1 -1
2529 2713 -30 1 2 -1 -1 -1
2547 2716 -30 1 2 -1 0 -1
2574 2721 -30 1 2 -1 -1 -1
2571 2723 -30 1 2 -1 -1 0
2569 2729 -30 1 2 -1 -1 -1
2570 2732 -30 1 2 -1 0 -1
2571 2740 -31 1 3 -1 -1 -1
2577 2746 -30 1 3 -1 -1 -1
2532 2756 -30 1 2 -1 -1 -1
2528 2764 -30 1 3 -1 -1 -1
2679 2761 -30 1 3 -1 -1 -1
2795 2749 -30 1 2 -1 -1 -1
2688 2760 -30 1 2 -1 -1 -1
2447 2770 -30 1 3 -1 -1 -1
2568 2787 -30 1 2 -1 -1 -1
2813 2761 -30 1 2 -1 -1 -1
2833 2768 -30 1 2 -1 -1 -1
2439 2773 -30 1 3 -1 -1 -1
2454 2771 -30 1 2 -1 -1 -1
2759 2766 -30 1 2 -1 -1 -1
2843 2739 -30 1 2 -1 -1 -1
2587 2745 -30 0 3 -1 -1 -1
2712 2761 -30 1 2 -1 -1 -1
2875 2769 -30 1 2 10 -6 0
2549 2764 -30 1 2 -1 -2 -1
2404 2779 -30 1 3 -1 -1 -1
2414 2785 -30 1 3 -1 0 -1
2435 2788 -30 1 3 -1 0 -1
2448 2783 -30 1 2 -1 -1 -1
2439 2767 -30 1 3 -1 -1 -1
2466 2736 -30 1 2 -1 -1 -1
2478 2736 -30 1 3 -1 -1 -1
2498 2703 -30 1 2 -1 -1 -1
2517 2709 -30 1 3 -1 -1 -1
2517 2718 -30 1 3 -1 -1 -1
2510 2731 -30 1 3 -1 -1 -1
2524 2731 -30 1 2 -1 -1 -1
2536 2729 -30 1 2 -1 -1 -1
2543 2732 -30 1 3 -1 -1 -1
2552 2727 -30 1 3 -1 -1 -1
2546 2731 -30 1 3 -1 -1 -1
2533 2727 -30 1 2 -1 -1 -1
2531 2729 -30 1 3 -1 -1 -1
2528 2728 -30 1 3 -1 -1 -1
2543 2733 -30 1 2 -1 -1 -1
2549 2740 -30 1 2 -1 -1 -1
2538 2743 -30 1 3 -1 -1 -1
2515 2749 -30 1 2 -1 -1 -1
2525 2754 -30 1 2 -1 -1 -1
2543 2747 -30 1 3 -1 -1 -1
2536 2749 -30 1 3 -1 -1 -1
2542 2747 -30 1 3 -1 -1 -1
2543 2741 -30 1 3 -1 -1 -1
2521 2748 -30 -1 3 1 -1 -1
2645 2754 -30 1 3 -1 -1 -1
2763 2753 -30 1 3 -1 -1 0
2778 2767 -30 1 3 -1 -1 -1
2653 2769 -30 2 2 -1 -1 -1
2624 2780 -30 1 3 -1 -1 -1
2793 2774 -30 1 3 -1 -1 -1
2785 2785 -30 1 3 -1 -1 -1
2531 2774 -30 1 3 -1 -1 -1
2741 2789 -30 1 3 -1 -1 -1
2808 2780 -30 1 3 -1 -1 -1
2747 2787 -30 1 3 -1 -1 -1
2534 2775 -30 1 3 -1 -1 -1
2762 2804 -30 1 3 -1 -1 -1
2812 2805 -30 1 2 -1 -1 -1
2630 2812 -30 1 3 -1 -1 -1
2697 2820 -30 1 3 -1 -1 -1
2808 2784 -30 1 3 -1 -1 -1
2776 2786 -30 1 3 -1 -1 -1
2748 2802 -30 1 3 -1 -1 -1
2820 2794 -30 1 3 -1 -1 -1
2828 2791 -30 1 3 -1 -1 -1
2596 2781 -30 1 2 -1 -1 -1
2520 2796 -30 1 3 -1 -1 -1
2576 2791 -30 1 2 -1 -1 -1
2551 2801 -29 1 3 -1 -1 -1
2566 2810 -30 1 3 -1 -1 -1
2585 2817 -30 1 3 -1 -1 -1
2652 2800 -30 1 3 -1 -1 -1
2813 2779 -30 1 3 -1 -1 -1
2826 2775 -30 1 2 -1 -1 -1
2588 2775 -30 1 3 -1 -1 -1
2723 2795 -30 1 3 -1 -1 -1
2843 2789 -30 1 3 -1 -1 -1
2745 2797 -30 1 2 -1 -1 -1
2542 2801 -30 1 3 -1 -1 -1
2834 2803 -30 1 3 -1 -1 -1
2822 2810 -30 1 3 -1 -1 -1
2535 2786 -30 1 3 -1 -1 -1
2681 2798 -30 1 3 -1 -1 -1
2842 2791 -30 0 3 -1 -1 -1
2721 2792 -30 1 2 -1 -1 -1
2563 2802 -30 1 3 -1 -1 -1
2843 2801 -30 1 3 -1 -1 -1
2805 2803 -30 1 3 -1 -1 -1
2530 2792 -30 1 3 -1 -1 -1
2829 2796 -30 1 3 -1 -1 -1
2858 2800 -30 1 3 -1 -1 -1
2473 2782 -30 1 3 -1 -1 -1
2782 2796 -30 1 2 -1 -1 -1
2838 2808 -30 1 2 -1 -1 -1
2453 2786 -30 1 3 -1 -1 -1
2828 2773 -30 1 3 -1 -1 -1
2804 2793 -30 1 3 -1 -1 -1
2520 2773 -30 1 3 -1 -1 -1
2843 2788 -30 1 3 -1 -1 -1
2829 2813 -30 1 3 -1 0 -1
2514 2793 -30 1 3 -1 0 -1
2872 2799 -30 1 3 -1 -1 -1
2800 2808 -30 1 3 -1 0 -1
2516 2794 -30 1 3 -1 -1 -1
2864 2803 -30 0 3 -1 -1 -1
2789 2817 -30 1 3 -1 -1 -1
2460 2817 -30 1 3 -1 -1 -1
2890 2814 -30 1 2 -1 -1 -1
2441 2799 -30 1 3 -1 -1 -1
2553 2810 -30 1 3 -1 -1 0
2859 2816 -30 1 3 -1 -1 -1
2482 2814 -30 1 3 -1 -1 -1
2511 2823 -30 1 3 -1 -1 -1
2520 2818 -30 1 3 -1 -1 -1
2514 2822 -30 1 3 -1 -1 -1
2514 2825 -30 1 3 -1 -1 -1
2506 2817 -30 1 3 -1 -1 -1
2508 2820 -30 1 3 -1 -1 -1
2539 2822 -30 1 3 -1 -1 -1
2540 2817 -30 1 3 -1 -1 -1
2555 2805 -30 1 3 -1 -1 -1
2567 2798 -30 1 3 -1 -1 -1
2581 2790 -30 1 3 -1 -1 -1
2586 2788 -30 1 3 -1 -1 -1
2596 2790 -30 1 3 -1 -1 -1
2591 2790 -29 1 3 -1 -1 -1
2589 2792 -30 1 3 -1 -1 -1
2602 2794 -30 1 3 -1 -1 -1
2596 2792 -30 1 3 -1 -1 -1
2584 2789 -30 1 3 -1 -1 -1
2583 2786 -30 1 3 -1 -1 -1
2597 2788 -30 1 3 -1 -1 -1
2602 2777 -30 1 3 -1 -1 -1
2581 2792 -30 1 3 -1 -1 -1
2581 2783 -30 1 3 -1 -1 -1
2579 2786 -30 1 3 -1 -1 -1
2566 2775 -30 1 3 -1 -1 -1
2555 2774 -30 1 3 -1 -1 -1
2568 2775 -30 1 3 -1 -1 -1
2568 2756 -30 1 3 -1 -1 -1
2570 2762 -30 0 4 -1 -1 -1
2577 2752 -30 1 3 -1 -1 -1
2577 2713 -30 1 3 -1 -1 -1
2594 2739 -30 1 2 -1 -1 -1
2590 2730 -30 1 3 -1 -1 -1
2608 2735 -30 1 3 -1 -1 -1
2619 2734 -30 1 3 -1 -1 -1
2626 2757 -30 1 3 -1 -1 -1
2634 2745 -30 1 3 -1 -1 -1
2634 2728 -30 1 3 -1 -1 -1
2632 2740 -30 1 3 -1 -1 -1
2629 2736 -30 1 3 -1 -1 -1
2633 2728 -30 1 3 -1 -1 -1
2633 2732 -30 1 3 -1 -1 -1
2640 2738 -30 1 2 -1 -1 -1
2644 2754 -30 1 3 -1 -1 -1
2641 2770 -30 1 3 -1 -1 -1
2642 2776 -30 1 3 -1 -1 -1
2652 2772 -30 1 3 -1 -1 -1
2651 2770 -30 1 2 -1 -1 -1
2655 2770 -30 1 3 -1 -1 -1
2654 2766 -30 1 2 -1 -1 -1
2662 2762 -30 1 2 -1 -1 -1
2664 2744 -30 1 3 -1 -1 -1
2640 2737 -30 1 3 -1 0 -1
2621 2836 -30 1 3 -1 -1 -1
2636 2810 -30 1 3 0 -1 1
2628 2660 -30 1 3 -1 -1 -1
2637 2805 -30 1 3 -1 0 -1
2642 2863 -30 0 3 1 -1 -1
2647 2757 -30 1 2 0 0 0
2649 2707 -30 1 3 -1 -1 -1
2659 2878 -30 1 3 -1 -1 -1
2668 2882 -30 1 3 -1 -1 -1
2661 2695 -30 1 3 -1 0 -1
2672 2790 -30 1 2 -1 0 -1
2677 2886 -30 0 3 4 -1 0
2680 2868 -30 1 3 -1 -1 -1
2658 2658 -30 1 3 -1 -1 -1
2670 2819 -30 1 3 -1 -1 -1
2672 2870 -30 1 3 -1 -1 -1
2679 2849 -30 1 3 -1 -1 -1
2673 2642 -30 1 3 -1 -1 -1
2677 2829 -30 1 3 -1 -1 -1
2675 2849 -30 1 3 -1 -1 -1
2671 2671 -30 1 3 -1 0 -1
2673 2633 -30 1 3 -1 -1 -1
2662 2852 -30 1 3 -1 -1 -1
2672 2856 -30 1 3 -1 -1 -1
2669 2604 -30 1 2 -1 0 -1
2675 2649 -30 1 3 -1 -1 -1
2660 2847 -30 1 3 -1 -1 -1
2677 2827 -30 1 3 -1 -1 -1
2669 2632 -30 1 3 -1 -1 -1
2676 2629 -30 1 2 -1 -1 -1
2677 2849 -30 1 3 -2 -1 -1
2692 2752 -30 1 3 -1 -1 -1
2699 2707 -30 1 3 -1 -1 -1
2678 2865 -30 1 3 -1 -1 -1
2693 2849 -30 1 3 -1 -1 -1
2698 2673 -30 1 3 -1 0 -1
2699 2867 -30 1 3 -1 -1 -1
2698 2878 -30 1 3 -1 -1 -1
2705 2782 -30 1 3 -1 -1 -1
2699 2701 -30 1 3 -1 -1 -1
2701 2876 -30 1 3 -1 -1 -1
2706 2888 -30 1 3 0 0 -1
2709 2728 -30 1 3 -1 -1 -1
2712 2851 -30 1 3 -1 -1 -1
2711 2895 -30 1 3 -1 -1 -1
2713 2821 -30 1 3 -1 -1 -1
2709 2691 -30 1 3 -1 -1 -1
2708 2879 -30 1 3 -1 -1 -1
2721 2894 -30 1 3 -1 -1 -1
2716 2671 -30 1 3 -1 -1 -1
2718 2791 -30 1 3 -1 -1 -1
2708 2886 -30 1 2 -1 0 -1
2710 2761 -30 1 3 -1 0 -1
2715 2739 -30 1 3 -1 -1 -1
2720 2901 -30 1 3 -1 -1 -1
2724 2827 -30 1 3 -1 0 -1
2729 2803 -30 1 3 -1 -1 -1
2716 2898 -30 1 3 -1 -1 -1
2725 2851 -30 1 3 0 0 -1
2727 2778 -31 1 3 -1 0 -1
2714 2891 -30 -4 5 -4 -1 -1
2724 2821 -30 1 3 0 -2 -1
2721 2740 -30 1 3 -1 -1 -1
2715 2895 -30 1 2 -1 0 -1
2726 2849 -30 1 3 -1 0 -1
2728 2757 -30 1 3 -1 0 -1
2720 2906 -30 1 3 -1 -1 -1
2729 2842 -30 1 3 -1 -1 -1
2725 2697 -30 1 3 -1 -1 -1
2719 2901 -30 1 2 -1 -1 -1
2725 2861 -30 1 3 -1 -1 -1
2730 2850 -30 1 3 -1 0 -1
2725 2901 -30 1 3 -1 -1 -1
2729 2799 -30 1 3 -1 -1 -1
2724 2627 -30 1 3 -1 -1 -1
2726 2644 -30 1 3 -1 -1 -1
2727 2662 -30 1 3 -1 -1 -1
2734 2679 -30 1 2 -1 -1 0
2734 2681 -30 1 3 -1 -1 -1
2737 2668 -30 1 3 -1 -1 -1
2734 2661 -30 1 3 -1 -1 -1
2723 2680 -30 1 3 -1 -1 -1
2723 2688 -30 1 3 -1 -1 -1
2727 2680 -30 1 3 -1 -1 -1
2721 2682 -30 1 3 -1 -1 -1
2707 2661 -30 1 3 -1 -1 -1
2693 2684 -30 1 3 -1 -1 -1
2668 2693 -30 1 3 -1 0 -1
2666 2669 -30 1 2 -2 0 -1
2667 2658 -30 1 3 -2 0 -1
2677 2673 -30 1 3 -1 -1 -1
2671 2703 -30 1 3 -1 -1 -1
2675 2674 -30 1 3 -1 0 -1
2673 2615 -30 0 3 8 -3 0
2676 2653 -30 1 3 -2 -3 -1
2659 2651 -30 1 3 -2 0 -1
2648 2579 -30 1 3 -1 0 -1
2657 2585 -30 1 2 -1 -1 -1
2651 2604 -30 0 3 -1 -1 -1
2663 2631 -30 1 3 -1 3 -1
2662 2642 -30 1 2 -1 -1 -1
2660 2630 -30 1 2 -1 0 -1
2637 2630 -30 1 3 -1 0 -1
2639 2635 -30 1 3 -1 -1 -1
2645 2646 -30 1 3 -1 -1 -1
2617 2631 -30 1 3 -1 -1 -1
2619 2607 -30 0 3 -2 -1 -1
2624 2636 -30 2 2 -1 3 -1
2631 2644 -30 1 2 5 0 0
2627 2637 -30 1 3 -1 -1 -1
2636 2667 -30 0 3 -1 0 -1
2636 2620 -30 1 2 0 -1 -1
2609 2575 -30 1 2 2 -1 -1
2594 2784 -30 1 3 0 0 -1
2581 2893 -30 1 2 -1 -1 -1
2597 2825 -30 1 3 -1 -1 -1
2585 2419 -30 1 2 -1 -1 -1
2608 2522 -30 1 3 -1 -1 -1
2605 2811 -30 1 3 -1 -2 -1
2590 2930 -30 1 2 -1 -1 -1
2606 2839 -30 1 2 -1 -1 -1
2579 2409 -30 1 3 -1 -1 -1
2604 2511 -30 1 2 -1 -1 -1
2583 2863 -30 1 3 -1 -1 -1
2602 2898 -30 1 2 -1 -1 -1
2588 2397 -30 1 2 -1 -1 -1
2588 2507 -30 1 3 -1 -1 -1
2592 2504 -30 1 3 -1 -1 -1
2569 2904 -30 1 3 -1 0 -1
2609 2868 -30 1 2 -4 -1 -1
2603 2413 -30 1 3 -1 -1 -1
2621 2505 -30 2 3 -1 0 -1
2576 2878 -30 1 2 -1 -1 -1
2606 2883 -30 1 3 -3 -3 -1
2604 2408 -30 1 2 -1 0 -1
2625 2446 -30 1 3 -1 0 -1
2569 2890 -30 1 3 -1 -1 -1
2604 2868 -31 7 3 8 2 3
2599 2405 -30 1 3 0 0 -1
2618 2420 -30 1 3 0 0 -1
2584 2884 -30 1 2 -1 -1 -1
2610 2902 -30 -6 3 -1 -4 -9
2598 2624 -30 1 3 1 1 3
2612 2497 -30 1 2 0 1 -1
2582 2920 -30 1 2 -1 0 -1
2619 2915 -30 1 2 -2 -2 -2
2601 2660 -30 1 3 0 1 0
2628 2511 -30 1 3 0 1 -1
2576 2935 -30 1 2 -1 -1 -1
2610 2915 -30 1 2 -1 -1 -1
2614 2617 -30 1 2 0 0 -1
2633 2506 -30 1 2 0 0 -1
2567 2919 -30 1 3 -1 -1 -1
2583 2931 -30 1 3 -1 -1 -1
2590 2748 -30 1 3 -1 -1 -1
2612 2478 -30 1 2 0 -1 -1
2580 2873 -30 1 2 -1 -1 -1
2585 2939 -30 1 2 -3 -2 -3
2598 2796 -30 1 3 0 -2 -1
2614 2478 -30 1 3 -1 0 -1
2603 2846 -30 1 2 -1 0 -1
2590 2938 -30 1 2 -2 -1 -1
2600 2830 -30 1 2 -1 -1 -1
2606 2461 -30 1 2 -1 -1 -1
2603 2744 -30 1 2 -1 -1 -1
2589 2928 -30 1 3 1 0 -1
2595 2614 -30 1 3 -1 -1 -1
2616 2426 -30 1 2 -1 -1 -1
2621 2459 -30 1 3 -1 -1 -1
2634 2482 -30 1 3 -1 -1 -1
2647 2493 -30 1 2 -1 -1 -1
2656 2501 -30 1 2 -1 -1 -1
2631 2521 -30 1 2 -1 -1 -1
2651 2536 -30 1 2 -1 -1 -1
2653 2545 -30 1 2 -1 -1 -1
2657 2555 -30 1 2 -1 -1 -1
2662 2560 -30 1 3 -1 -1 -1
2667 2563 -30 1 2 -1 -1 -1
2671 2568 -30 1 2 -1 -1 -1
2673 2573 -30 1 2 -1 -1 -1
2675 2573 -30 1 3 -1 -1 -1
2677 2574 -30 1 2 -1 -1 -1
2669 2569 -30 1 2 -1 -1 -1
2668 2547 -30 1 3 -1 -1 -1
2637 2517 -30 1 3 -1 -1 -1
2625 2527 -30 1 2 -1 -1 -1
2634 2550 -30 1 2 -1 0 -1
2627 2562 -30 1 3 -1 -1 -1
2617 2567 -30 1 2 -1 -1 -1
2627 2573 -30 1 3 -1 -1 -1
2631 2561 -30 1 2 0 0 -1
2621 2556 -30 1 2 0 0 -1
2621 2562 -30 1 3 0 0 -1
2600 2565 -30 1 3 -1 -1 -1
2613 2580 -30 1 3 -1 -1 -1
2619 2595 -30 1 2 -1 -1 -1
2573 2592 -30 1 2 -2 -1 -1
2550 2568 -30 1 2 -1 -1 -1
2586 2562 -30 1 2 -1 0 -1
2605 2599 -30 1 2 -1 -1 -1
2623 2609 -30 1 2 -1 -1 -1
2632 2620 -30 1 3 -1 -1 -1
2633 2618 -30 1 3 -1 -1 -1
2647 2633 -30 1 2 -1 -1 -1
2654 2636 -30 1 2 -1 -1 -1
2662 2639 -30 1 2 -1 -1 -1
2662 2644 -30 1 3 -1 -1 -1
2671 2645 -30 1 2 -1 -1 -1
2672 2648 -30 1 2 -1 -1 -1
2676 2652 -30 1 2 -1 -1 -1
2678 2653 -30 1 2 -1 -1 -1
2677 2657 -30 1 2 -1 -1 -1
2682 2659 -30 1 3 -1 -1 -1
2681 2659 -30 1 3 -1 -1 -1
2681 2659 -30 1 2 -1 -1 -1
2686 2661 -30 1 3 -1 -1 -1
2692 2665 -30 1 2 -1 -1 -1
2690 2663 -30 0 2 -1 -1 -1
2690 2664 -30 1 3 -1 0 -1
2690 2669 -30 1 3 -1 0 -1
2691 2670 -30 1 2 -1 0 -1
2692 2669 -30 1 2 -1 -1 -1
2695 2669 -30 1 2 -1 -1 -1
2694 2668 -30 1 2 -1 -1 0
2697 2669 -30 1 2 -1 -1 -1
2695 2670 -30 1 2 -1 -1 -1
2694 2672 -30 1 2 -1 -1 -1
2697 2674 -30 1 3 -1 -1 -1
2696 2671 -30 1 2 -1 -1 -1
2697 2674 -30 1 3 -1 -1 -1
2698 2673 -30 1 2 -1 -1 -1
2700 2674 -30 1 2 -1 -1 -1
2700 2677 -30 1 2 -1 -1 -1
2702 2677 -30 1 2 -1 -1 -1
2700 2677 -30 1 3 -1 -1 -1
2702 2678 -30 1 2 -1 -1 -1
2703 2678 -30 1 2 -1 -1 -1
2701 2679 -30 1 2 -1 -1 -1
2704 2681 -29 1 3 -1 -1 -1
2700 2679 -30 1 2 -1 -1 -1
2702 2678 -30 1 2 -1 -1 -1
2704 2680 -30 1 2 -1 -1 -1
2706 2683 -30 1 2 -1 -1 -1
2706 2681 -30 1 3 -1 -1 -1
2706 2683 -30 1 3 -1 -1 -1
2704 2681 -30 1 2 -1 -1 -1
2709 2683 -30 1 3 -1 -1 -1
2707 2681 -30 1 2 -1 -1 -1
2707 2684 -30 1 2 -1 -1 -1
2709 2685 -30 1 3 -1 -1 -1
2709 2685 -30 1 2 -1 -1 -1
2705 2689 -30 1 3 -1 -1 -1
2709 2687 -30 1 2 -1 -1 -1
2708 2688 -30 1 2 -1 -1 -1
2711 2688 -30 1 2 -1 -1 -1
2707 2686 -30 1 2 -1 0 -1
2714 2687 -30 1 2 -1 0 -1
2711 2687 -30 1 2 -1 0 -1
2711 2685 -30 1 3 -1 -1 -1
2712 2686 -30 1 2 -1 -1 -1
2715 2689 -30 1 2 -1 -1 -1
2709 2691 -30 1 2 -1 -1 -1
2715 2689 -30 1 2 -1 -1 -1
2714 2692 -30 1 2 -1 -1 -1
2710 2693 -30 1 2 -1 -1 -1
2712 2693 -30 1 2 -1 -1 -1
2713 2692 -30 1 2 -1 -1 -1
2714 2692 -30 1 3 -1 -1 -1
2713 2693 -30 1 2 -1 -1 -1
2713 2693 -30 1 2 -1 -1 -1
2714 2695 -30 1 3 -1 -1 -1
2718 2692 -30 1 2 -1 -1 -1
2714 2695 -30 1 2 -1 -1 -1
2714 2695 -30 1 2 -1 -1 -1
2714 2693 -30 2 3 -1 -1 -1
2714 2695 -30 1 2 -1 -1 -1
2716 2694 -30 1 2 -1 -1 -1
2712 2695 -30 1 2 -1 -1 -1
2714 2696 -30 1 2 -1 -1 -1
2719 2697 -30 1 2 -1 -1 -1
2716 2696 -30 1 2 -1 -1 -1
2714 2698 -30 1 2 -1 -1 -1
2720 2700 -30 1 2 -1 -1 -1
2718 2697 -30 1 2 -1 -1 -1
2720 2699 -30 1 2 -1 -1 -1
2716 2697 -30 1 2 -1 -1 -1
2719 2697 -30 1 2 -1 -1 -1
2720 2699 -30 1 2 -1 -1 -1
2721 2701 -30 1 3 -1 -1 -1
2726 2701 -30 1 2 -1 -1 -1
2725 2703 -30 1 2 -1 -1 -1
2728 2701 -30 1 3 -1 -1 -1
2726 2701 -30 1 2 -1 -1 -1
2726 2701 -30 1 2 -1 -1 -1
2728 2705 -30 1 2 -1 -1 -1
2723 2703 -31 1 3 -1 -1 -1
2728 2706 -30 1 3 -1 -1 -1
2729 2705 -30 1 2 -1 -1 -1
2730 2706 -30 1 2 -1 -1 -1
2729 2704 -30 1 2 -1 -1 -1
2730 2704 -30 1 2 -1 -1 -1
2731 2707 -30 1 2 -1 -1 -1
2734 2707 -30 1 3 -1 -1 -1
2731 2708 -30 1 3 -1 -1 -1
2738 2708 -30 1 2 -1 -1 -1
2733 2705 -30 1 2 -1 -1 -1
2735 2707 -30 1 2 -1 -1 -1
2733 2707 -30 1 2 -1 -1 -1
2734 2707 -30 1 2 -1 -1 -1
2734 2709 -30 1 2 -1 -1 -1
2730 2708 -30 1 2 -1 -1 -1
2734 2710 -30 1 3 -1 -1 -1
2736 2708 -30 1 2 -1 -1 -1
2731 2708 -30 1 2 -1 -1 -1
2737 2706 -30 1 2 -1 -1 -1
2737 2708 -30 1 2 -1 -1 -1
2737 2710 -30 1 2 -1 -1 -1
2734 2710 -30 1 2 -1 -1 -1
2737 2710 -30 1 2 -1 -1 -1
2733 2709 -30 1 2 -1 -1 -1
2732 2710 -30 1 3 -1 -1 -1
2737 2709 -30 1 2 -1 -1 -1
2739 2709 -30 1 2 -1 -1 -1
2735 2710 -30 1 3 -1 -1 -1
2736 2713 -30 1 2 -1 -1 -1
2736 2711 -30 1 2 -1 -1 -1
2737 2709 -30 1 2 -1 -1 -1
2735 2712 -30 1 2 -1 -1 -1
2737 2712 -30 1 2 -1 -1 -1
2737 2708 -30 1 3 -1 -1 -1
2737 2713 -30 1 3 -1 -1 -1
2738 2711 -30 1 3 -1 -1 -1
2736 2713 -30 1 2 -1 -1 -1
2738 2712 -30 1 2 -1 -1 -1
2737 2712 -30 1 2 -1 -1 -1
2739 2711 -30 1 2 -1 -1 -1
2740 2711 -30 1 2 -1 -1 -1
2740 2712 -30 1 3 -1 -1 -1
2738 2713 -30 1 2 -1 -1 -1
2738 2714 -30 1 2 -1 -1 -1
2738 2713 -30 1 3 -1 -1 -1
2740 2713 -30 1 2 -1 -1 -1
2737 2714 -30 1 2 -1 -1 -1
2736 2712 -30 1 2 -1 -1 -1
2737 2715 -30 1 2 -1 -1 -1
2739 2713 -30 1 3 -1 -1 -1
2739 2714 -30 1 2 -1 -1 -1
2741 2715 -30 1 3 -1 -1 -1
2740 2715 -30 1 2 -1 -1 -1
2741 2714 -30 1 2 -1 -1 -1
2740 2711 -30 1 2 -1 -1 -1
2742 2714 -30 1 3 -1 -1 -1
2740 2714 -30 1 2 -1 -1 -1
2737 2715 -30 1 2 -1 -1 -1
2741 2717 -30 1 2 -1 -1 -1
2740 2716 -30 1 3 -1 -1 -1
2741 2715 -30 1 3 -1 -1 -1
2741 2716 -30 1 2 -1 -1 -1
2742 2714 -30 1 2 -1 -1 -1
2741 2714 -30 1 3 -1 -1 -1
2741 2716 -30 1 3 -1 -1 -1
2739 2714 -30 1 3 -1 -1 -1
2743 2718 -30 1 2 -1 -1 -1
2741 2716 -30 1 2 -1 -1 -1
2739 2716 -30 1 2 -1 -1 -1
2740 2716 -30 1 2 -1 -1 -1
2738 2716 -30 1 2 -1 -1 -1
2739 2720 -30 1 3 -1 -1 -1
2738 2716 -30 1 2 -1 -1 -1
2742 2717 -30 1 2 -1 -1 -1
2741 2718 -30 1 2 -1 -1 -1
2740 2716 -30 1 2 -1 -1 -1
2739 2716 -30 1 2 -1 -1 -1
2742 2717 -30 1 2 -1 -1 -1
2743 2717 -30 1 2 -1 -1 -1
2741 2716 -30 1 2 -1 -1 -1
2742 2715 -30 1 2 -1 -1 -1
2741 2718 -30 1 2 -1 -1 -1
2739 2718 -30 1 2 -1 -1 -1
2741 2717 -30 1 2 -1 -1 -1
2740 2722 -30 1 3 -1 -1 -1
2742 2718 -30 1 2 -1 -1 -1
2746 2719 -30 1 2 -1 -1 -1
2741 2721 -30 1 3 -1 -1 -1
2741 2718 -30 1 2 -1 -1 -1
2741 2720 -31 1 2 -1 -1 -1
2741 2719 -30 1 2 -1 -1 -1
2741 2718 -30 1 2 -1 -1 -1
2742 2718 -30 1 3 -1 -1 -1
2745 2720 -30 1 2 -1 -1 -1
2745 2720 -30 1 2 -1 -1 -1
2740 2721 -30 1 2 -1 -1 -1
2745 2721 -30 1 2 -1 -1 -1
2745 2720 -30 1 3 -1 -1 -1
2743 2718 -30 1 2 -1 -1 -1
2741 2718 -30 1 3 -1 -1 -1
2743 2720 -30 1 2 -1 -1 0
2742 2722 -30 1 2 -1 -1 -1
2743 2722 -30 1 2 -1 -1 -1
2743 2717 -30 1 2 -1 -1 -1
2743 2718 -30 1 3 -1 -1 -1
2742 2723 -30 1 2 -1 -1 -1
2743 2723 -31 14 8 9 -14 0
2744 2721 -39 -1 3 19 20 24
2747 2721 -8 -2 7 -18 6 41
2742 2723 -34 -15 12 9 -6 43
2749 2722 -34 8 -3 -23 -3 31
2746 2725 -7 3 4 10 -35 11
2744 2720 -45 7 -4 -12 -18 43
2747 2723 -37 -5 15 11 24 -52
2745 2723 -38 12 -14 -7 15 -2
2744 2723 -17 -13 17 29 -17 -44
2743 2724 -31 1 1 -46 9 54
2745 2725 -33 7 -10 30 -14 -52
2746 2723 -8 -17 22 -50 1 52
2746 2723 -43 3 -20 31 5 -74
2742 2724 -5 -15 25 13 -27 28
2745 2724 -53 11 -15 -35 20 17
2746 2722 -33 4 -13 47 -6 -58
2746 2725 -16 -9 20 -30 -11 52
2749 2725 -52 11 -20 -2 18 -25
2747 2722 -14 -6 8 45 -19 -45
2746 2722 -33 2 5 -63 4 66
2748 2723 -48 16 -24 13 13 -58
2747 2725 -2 -12 17 22 -22 -35
2746 2724 -32 -3 8 -59 11 51
2744 2724 -43 8 -22 19 9 -38
2748 2726 -4 -13 17 23 -14 -30
2742 2722 -38 -1 0 -43 8 44
2748 2726 -37 8 -12 22 8 -47
2746 2724 -13 -11 20 -10 -3 33
2743 2724 -52 8 -5 -41 28 25
2745 2727 -19 8 -11 58 -1 -111
2749 2726 -30 -6 27 -33 -21 106
2747 2725 -67 -4 -15 -1 30 -42
2747 2725 -9 -7 13 38 -18 -22
2747 2725 -39 1 5 -59 4 85
2748 2724 -48 10 -26 11 25 -80
2745 2724 -7 -9 9 30 -36 -15
2744 2724 -27 -2 14 -46 3 118
2749 2726 -61 2 -25 41 39 -124
2744 2726 3 -16 14 14 -32 26
2748 2725 -32 -8 13 -19 -17 85
2749 2724 -51 9 -24 -18 29 -50
2746 2727 -4 -13 18 17 -15 -30
2749 2726 -37 1 -1 -45 10 66
2748 2727 -40 11 -16 56 -5 -95
2749 2725 -9 -10 20 -33 -3 62
2750 2724 -51 -3 -21 -6 15 -38
2747 2724 2 -19 26 19 -33 -10
2746 2726 -61 -2 -15 -15 18 23
2745 2727 -12 -2 7 35 -8 -67
2747 2727 -21 1 5 -32 8 107
2747 2726 -49 9 -22 29 0 -116
2750 2728 0 -14 29 -26 -16 48
2748 2726 -62 -12 -9 -24 17 -1
2748 2725 -15 -4 5 32 -10 -36
2747 2728 -29 1 -1 -32 13 99
2747 2726 -32 7 -10 47 -2 -112
2746 2727 -13 -1 11 -33 -3 94
2744 2726 -59 -1 -12 -17 21 -29
2750 2728 1 -10 11 31 -30 -31
2749 2726 -32 3 -8 -18 6 47
2746 2725 -40 2 -8 19 -7 -63
2749 2727 -23 -7 4 -16 9 35
2751 2728 -29 -6 2 8 -7 -1
2748 2726 -28 -2 -1 7 -10 18
2750 2728 -31 -2 0 1 0 -5
2749 2730 -29 -4 0 2 2 -10
2749 2727 -29 -5 2 5 -2 -7
2752 2729 -29 -7 0 2 -2 -10
2749 2729 -29 -7 1 -3 -3 0
2749 2728 -28 -7 0 -4 2 -4
2749 2726 -29 -7 0 -2 2 -9
2748 2731 -28 -8 0 -1 -10 0
2750 2730 -28 -8 1 -3 -6 1