2977 2952 -58 121 72 97 -17 106
2962 2951 -58 108 120 -32 -52 26
2981 2966 -79 108 120 -46 78 -54
2996 2963 99 41 -33 82 -74 -116
2961 2898 -103 -52 -33 8 58 -16
2957 2910 -103 -52 -33 -43 -44 -34
2980 2922 -119 -79 -100 84 127 -92
2972 2916 -87 -97 -111 -97 -10 -12
2977 2937 -87 -97 -111 -44 -128 80
2991 2954 -66 -49 119 -74 -25 1
3004 2947 115 -20 -32 -125 -96 70
2963 2921 115 -20 -32 74 98 -44
2979 2937 73 88 30 -38 -126 -105
2984 2930 76 103 -40 -75 -10 4
2987 2927 76 103 -40 75 -70 -39
2991 2921 -119 83 -87 -56 1 -1
2996 2919 -120 89 115 83 3 9
3011 2933 -120 89 115 116 50 109
3027 2957 -119 96 92 -39 125 -104
3036 2980 28 56 -121 36 -60 62
3040 2936 -57 30 103 -10 57 68
3009 2946 -57 30 103 -55 15 68
3012 2943 -56 19 103 43 -36 -62
2999 2955 -41 24 81 -25 93 73
3014 2965 -41 24 81 44 5 16
3020 2980 -32 33 88 -14 -111 93
3034 2990 -26 71 94 85 79 -83
3045 2973 -26 71 94 -108 -41 -1
3050 2982 -36 103 79 -81 -61 18
3053 2977 -16 124 60 -46 -79 -61
3047 2985 -16 124 60 -22 22 125
3054 2998 -34 118 46 81 103 121
3059 2999 25 110 115 -7 -124 86
3059 3012 25 110 115 -101 40 -113
3026 2975 -13 48 89 -57 104 103
3005 2982 -36 16 83 23 92 86
3013 2989 -25 -4 60 -92 15 93
3013 2983 -25 -4 60 29 66 -67
3003 2989 -18 -29 67 89 -5 83
2989 2999 -31 -2 110 -23 -113 120
2994 3009 -31 -2 110 -39 -17 114
2999 2990 -23 31 102 118 -90 -128
3001 2988 -16 120 111 123 -80 11
3017 3005 -16 120 111 42 34 -91
3025 3007 -49 -82 67 -95 11 121
3025 2979 -49 -89 76 -120 -66 7
3038 2987 -49 -89 76 1 7 -122
3042 2991 -45 -50 71 74 -121 -3
3026 2981 -40 -96 105 -70 -37 -31
2994 2983 -40 -96 105 -94 -80 93
2974 2991 -82 92 -113 -3 -79 95
2982 2999 -49 12 -128 -39 15 -102
2999 2997 -49 12 -128 -54 39 47
3013 2988 -69 -8 -122 -95 87 -49
3019 2988 -41 -10 124 -88 9 -31
3024 3001 -44 -18 112 10 50 -105
3023 3005 -44 -18 112 4 79 93
3022 3010 -16 -52 100 -4 98 70
3022 3012 -17 -57 104 126 -61 21
3021 3007 -17 -57 104 -9 -124 39
3012 2995 -12 -57 86 -89 -116 -95
3011 2988 -10 -65 86 -78 -30 24
2998 2977 -10 -65 86 -24 -12 -125
2994 2973 -13 -68 81 29 -41 3
2991 2973 -26 -57 93 21 -66 102
2982 2971 -26 -57 93 -33 -114 -7
2989 2973 -36 -39 105 104 -106 -45
2994 2960 -10 -9 83 117 -67 88
3002 2970 -10 -9 83 49 -84 -105
3002 2972 -15 6 88 -85 70 -53
3005 2973 -20 12 80 -22 50 86
3001 2970 -18 8 84 64 24 -93
3004 2975 -18 8 84 -108 20 -38
3009 2979 -13 7 79 120 -7 -105
3010 2978 -15 12 75 -1 58 -4
3021 2978 -15 12 75 -58 -109 1
3019 2976 -17 9 75 122 59 -23
3022 2976 -8 8 76 3 -4 125
3030 2979 -8 8 76 -27 102 -75
3039 2988 -16 16 80 46 84 -47
3034 2993 -15 7 73 2 123 19
3021 2995 -15 7 73 -79 19 -93
3014 2991 -8 9 67 -87 62 -125
3008 2974 -8 -20 71 39 105 47
3005 2973 -8 -20 71 -81 95 108
2974 2940 -1 -50 71 42 -106 106
2969 2949 -24 -42 78 -67 98 -8
2961 2964 -29 -40 112 -110 118 -41
2975 2965 -29 -40 112 -82 59 -105
2985 2963 -33 83 119 -98 -39 -71
2987 2977 -82 113 110 96 -33 3
2992 2987 -82 113 110 62 -127 -30
3004 2991 -77 115 112 0 97 87
3009 2977 -71 -99 112 -73 125 -50
3011 2965 -71 -99 112 71 64 -38
3010 2958 -57 -125 99 -77 -102 -110
3015 2966 -48 -124 95 -84 -22 97
3008 2973 -48 -124 95 69 16 123
3013 2977 -45 115 92 -67 74 -103
3017 2986 -32 115 87 17 9 -25
3014 2988 -32 115 87 -11 24 79
3030 2999 -29 110 81 -107 29 -113
3028 3005 -26 98 63 -41 53 -98
3033 3010 -13 97 63 -16 23 90
3034 3011 -13 97 63 70 -128 -90
3026 3008 -32 102 79 -28 -89 -72
3020 2990 -21 80 68 -57 -74 -66
3026 2973 -21 80 68 -113 -21 -83
3024 2976 -28 83 56 -65 -116 31
3005 2974 -36 88 102 72 -8 -6
2982 2965 -36 88 102 28 -55 -112
2970 2966 -29 119 64 -76 -67 96
2971 2957 -20 99 54 -9 106 -52
2984 2968 -20 99 54 70 -94 96
2987 2970 -20 93 60 -127 28 125
2993 2977 -18 95 60 -92 44 100
3001 2984 -18 95 60 -91 116 114
3006 2982 -16 104 47 35 45 14
2967 2986 -7 103 31 5 -101 28
2985 2987 -15 95 41 13 74 -87
3009 2988 -15 95 41 11 -32 -104
3014 2989 -9 95 51 86 106 79
3013 2983 6 71 31 95 -27 -16
3037 2983 6 71 31 -28 62 -2
3051 3019 -16 120 48 -84 -78 114
3060 3042 -57 -125 68 97 112 92
3066 3053 -57 -125 68 103 -32 -5
3075 3046 -73 -104 94 -92 69 86
3066 3033 -36 -121 70 95 -110 -77
3050 3016 -36 -121 70 -10 -90 22
3042 2994 -39 103 73 -58 21 -48
3038 2986 -28 102 64 -16 -36 -91
3023 2970 -28 102 64 122 -66 -43
3024 2962 -20 99 49 -43 80 38
3020 2961 -4 103 51 38 -26 -123
2997 2949 -4 103 51 100 -5 92
2989 2941 -10 103 39 -57 112 -114
2968 2938 -17 108 47 -16 -109 14
2974 2938 -20 105 51 96 98 -63
2976 2949 -20 105 51 -38 -59 -66
2979 2955 -25 105 51 -120 -68 -104
2985 2962 -20 103 49 -68 -91 7
2983 2969 -20 103 49 45 -32 -36
2985 2966 -18 102 57 -43 109 -127
2993 2974 -15 103 51 -70 116 -89
2999 2981 -15 103 51 -113 101 13
3006 2983 -17 107 52 -69 -67 -21
3010 2971 -18 96 49 44 -65 -70
3009 2976 -18 96 49 -19 -94 102
3004 2980 -20 100 54 16 95 -45
3009 2984 -15 111 46 -120 106 4
3013 2993 -15 111 46 -78 40 -1
3018 2994 -16 99 51 1 11 56
3031 3011 -16 115 52 103 8 -103
3035 3015 -20 103 51 113 -67 -102
3041 3017 -20 103 51 -34 -103 118
3047 3026 -20 105 49 81 -65 58
3056 3036 -25 108 55 -117 -30 -46
3058 3035 -25 108 55 -120 -55 62
3061 3028 -18 108 54 -42 -84 -61
3061 3029 -20 108 56 10 -21 117
3057 3023 -20 108 56 48 -51 -109
3055 3014 -18 105 52 26 -126 94
3045 3013 -16 108 56 -20 120 50
3036 2999 -16 108 56 33 5 30
3044 2998 -16 99 54 35 99 -121
3043 3001 -17 106 52 -46 -80 -20
3040 2997 -17 106 52 85 -121 -124
3042 2995 -21 105 44 48 -120 -98
3034 2991 -16 103 54 -109 -17 -95
3039 2994 -17 99 55 -109 -75 -112
3043 2996 -17 99 55 -58 101 -25
3044 3000 -20 99 49 -113 109 -120
3044 3003 -18 99 55 -39 113 -101
3048 3010 -18 99 55 104 -121 74
3055 3015 -20 100 56 75 10 -121
3062 3019 -20 97 55 -112 127 -106
3064 3028 -20 97 55 123 46 -125
3068 3034 -18 100 51 103 93 -113
3074 3036 -13 103 56 -74 -73 51
3078 3043 -13 103 56 16 -60 82
3071 3043 -18 97 60 99 17 98
3070 3045 -24 96 56 -98 -58 -92
3071 3049 -24 96 56 -127 -25 -10
3072 3057 -8 96 56 -50 -97 110
3066 3049 -10 81 55 -79 -51 78
3061 3044 7 83 33 111 -56 -120
3056 3029 7 83 33 18 -32 -111
3058 3021 -49 -93 60 -60 1 -94
3050 3014 -13 111 63 24 -107 -126
3026 3010 -13 111 63 75 72 -66
3015 3012 -28 -61 46 94 -117 -52
3036 3028 -41 -113 67 20 93 94
3054 3039 -41 -113 67 -84 118 -99
3053 3034 -117 -120 -112 71 11 -43
3061 3035 115 -116 -68 -113 -40 92
3064 3045 115 -116 -68 72 120 23
3069 3047 -122 -125 -72 16 -79 -35
3073 3047 120 127 -77 -11 -3 -6
3073 3034 120 127 -77 18 29 -45
3060 3014 -106 -119 -97 59 72 14
3015 2997 -64 44 124 78 -126 -51
2989 2992 -64 44 124 -8 13 -117
2974 2993 -64 -40 -106 25 -92 31
2957 2986 -72 -49 -98 8 -16 -110
2949 2986 -74 -58 -96 126 -24 93
2926 2976 -74 -58 -96 45 77 83
2928 2956 -64 -29 -109 108 98 11
2948 2922 -36 48 112 90 58 -46
2954 2908 -36 48 112 87 56 -110
2971 2921 -72 -95 -116 85 24 35
2981 2935 -81 -93 127 -96 53 124
2987 2944 -81 -93 127 -87 -119 2
2998 2945 -112 -117 120 126 103 -28
2999 2954 -84 96 -122 13 -116 83
2997 2959 -84 96 -122 24 3 -36
2988 2958 -57 87 -127 -10 -68 33
2986 2960 -55 63 112 -1 119 3
2989 2953 -55 63 112 -56 70 -7
2995 2960 -29 75 80 -30 112 -55
3002 2970 -21 71 78 123 1 22
2983 2980 -16 80 73 -65 7 -31
2988 2982 -16 80 73 54 -121 -118
2992 2986 -20 73 78 -82 -104 -80
3004 2995 -23 64 79 -42 -34 58
3010 3003 -23 64 79 106 -127 35
3016 3007 -33 70 83 -21 38 75
3008 3008 -39 84 94 -121 -38 20
2999 3006 -39 84 94 -49 22 -14
2995 2980 -17 70 86 -99 -11 -92
3000 2981 -50 108 94 99 15 -125
3003 2984 -50 108 94 -86 -108 121
2986 2966 -32 108 71 102 -75 -54
2976 2953 -33 124 73 109 -126 39
2986 2949 -33 124 73 111 -72 82
2992 2956 -40 -119 83 -75 30 -117
3002 2968 -48 126 80 -28 -69 57
3017 2978 -25 99 89 48 -55 -61
3027 3002 -25 99 89 120 21 68
3033 3013 -20 56 87 -4 75 34
3044 3029 -36 31 88 3 39 117
3044 3035 -36 31 88 34 4 -108
3035 3038 -45 -4 115 95 -16 -126
3009 3038 -61 -49 127 81 -75 -104
3015 3042 -61 -49 127 -61 84 45
3000 3039 -72 -77 -104 -47 -26 -100
3004 3037 -71 -84 -72 111 42 107
3001 3042 -71 -84 -72 -21 27 -24
3012 3046 -104 -100 -72 100 -91 -105
3010 3050 -103 -117 -71 124 18 92
3009 3053 -103 -117 -71 81 98 -62
3016 3056 -104 119 -68 -41 78 121
3022 3065 -114 -127 -55 -114 41 -60
3022 3062 -109 -116 -56 -92 -3 -6
3009 3052 -109 -116 -56 -123 99 -27
3003 3045 -112 -98 -64 106 -126 -101
2993 3047 -105 -104 -58 -79 46 65
2992 3037 -105 -104 -58 -65 -118 106
2996 3040 -112 -101 -66 -124 -17 34
2995 3037 -106 -96 -55 13 -106 36
2989 3031 -106 -96 -55 32 -32 5
2987 3023 -111 -63 -52 -13 -113 -46
2998 3023 -96 -84 -73 -96 -72 -39
2996 3019 -96 -84 -73 -44 -77 92
3004 3008 -89 -61 -84 -110 -54 100
3008 3000 -40 -42 -106 105 -53 -96
3008 2995 -40 -42 -106 45 -46 -39
3005 2994 -52 -2 -121 -91 -16 -29
3010 2997 -48 1 -121 121 69 47
3013 3000 -48 1 -121 69 77 118
3021 3004 -41 14 -128 -26 5 -48
3018 3014 -25 24 88 4 -54 5
3015 2996 -23 16 115 127 8 54
3006 2998 -23 16 115 115 -84 73
3002 2973 -53 -49 -121 -56 -8 33
3014 2957 -73 -36 -68 -84 31 93
2987 2906 -73 -36 -68 101 93 14
2990 2906 -111 17 -89 73 44 65
2991 2890 -105 105 -95 92 43 -58
2983 2917 -105 105 -95 30 125 -117
2988 2900 -98 -56 -57 -37 79 -86
2987 2896 63 -96 -68 -104 -37 106
2973 2909 63 -96 -68 -20 43 -33
2957 2931 99 108 -52 -25 -25 -71
3001 2913 -104 89 -64 47 2 51
2995 2923 -104 89 -64 21 89 105
2923 2917 92 9 119 31 51 87
2937 2916 -34 88 65 -2 -106 114
2951 2916 -79 30 -36 -60 5 -51
2951 2910 -79 30 -36 91 -38 -72
2970 2927 -117 -93 -100 118 -83 -44
2977 2923 67 110 22 -22 125 82
3001 2941 67 110 22 88 -43 -30
3013 2958 -31 -77 -88 -84 -36 -19
3014 2931 16 -117 99 43 -31 35
2971 2949 16 -117 99 -80 72 -32
2986 2925 120 124 87 -82 118 -88
2986 2921 -96 -112 -57 -42 29 -47
2976 2905 -96 -112 -57 84 1 25
2976 2904 60 119 67 -47 -8 1
2982 2906 -113 102 95 62 38 25
2962 2893 -113 102 95 -104 -50 -71
2976 2908 71 -40 -116 -122 -93 98
3016 2956 -4 30 72 -98 77 -53
3016 2975 103 -20 79 75 55 -83
3037 3000 103 -20 79 -96 -57 120
3049 3012 -96 -57 44 115 -86 24
3059 3006 -64 -58 39 -54 -11 -106
3058 2986 -64 -58 39 9 -52 12
3034 2951 -45 -20 35 -57 121 -17
3014 2930 64 94 -23 77 -99 -123
2965 2920 64 94 -23 38 39 41
2961 2886 -116 127 -104 -16 93 -82
2982 2893 -100 -116 -127 -2 -49 36
2984 2895 -100 -116 -127 24 -25 -25
2985 2909 -84 -14 83 71 -12 -76
2983 2930 -104 -52 99 -31 -20 -77
2983 2935 -104 -52 99 -8 -124 -103
2964 2920 -97 123 -114 -96 -70 -101
2983 2917 -61 59 -64 -50 -37 22
2987 2931 -61 48 124 -33 -22 100
2993 2945 -77 48 124 -119 58 107
3012 2963 -61 44 98 -59 58 105
3003 2960 -49 64 49 -80 -38 -92
2969 2955 -49 64 49 63 -54 118
2981 2923 7 102 48 -115 -88 -85
3007 2905 -40 -88 -128 26 14 62
3028 2928 -40 -88 -128 -120 44 124
3046 2916 -112 -61 -121 119 -77 -101
3042 2929 -98 -61 71 -31 -58 25
3036 2941 -98 -61 71 106 100 109
3022 2961 111 -47 110 -92 39 -76
2958 2914 -13 -2 -113 -94 -61 17
2947 2870 -13 -2 -113 -80 9 81
2997 2900 -125 0 -80 15 25 41
2983 2907 -68 16 -100 77 41 127
2970 2909 -68 16 -100 124 127 -12
2978 2940 104 3 119 -20 -44 4
2973 2913 -13 108 -113 114 89 -58
2989 2946 -104 -48 -80 93 -25 115
3011 2953 -104 -48 -80 -58 120 114
3026 2956 -80 -96 89 -21 0 -84
3038 2959 -80 -85 96 -72 17 48
3049 2936 -80 -85 96 90 -46 -64
3016 2927 -50 -74 65 1 90 12
2985 2931 -84 -53 97 -81 74 7
2986 2940 -84 -53 97 21 117 19
3016 2977 -93 -65 -88 43 110 120
3014 3001 -32 78 62 -27 13 9
2998 2962 -32 78 62 -42 2 69
3027 2952 -97 -93 76 -89 -76 -1
3037 2936 -36 -29 110 -5 76 -125
3036 2954 -36 -29 110 -15 110 15
3057 2942 -80 70 44 81 -48 31
3065 2937 -45 105 3 -75 -125 88
3068 2929 28 -121 -25 -84 84 -12
3073 2955 28 -121 -25 86 84 15
3071 2952 31 -49 -32 -78 37 103
3071 2973 -57 4 3 66 57 73
3079 2976 -57 4 3 119 -70 -22
3090 2978 -41 -8 -13 70 -61 93
3094 2999 -40 44 4 25 24 117
3095 2998 -40 44 4 6 82 0
3094 2986 -55 -2 -32 -120 16 -19
3107 2996 -40 4 -61 17 -102 30
3105 3003 -40 4 -61 20 -23 -126
3094 3008 -50 -24 -16 101 38 115
3097 3015 -16 -16 -7 -61 -31 39
3108 3021 -16 -16 -7 -41 -69 -61
3114 2992 -15 -16 -12 83 28 -112
3106 2995 -13 -25 -42 -69 -26 -95
3098 2994 -103 60 -4 -70 -9 -120
3100 3016 -103 60 -4 -126 -118 -7
3108 3027 -23 -93 30 -39 72 41
3109 3044 6 -60 30 120 -66 -26
3114 3047 6 -60 30 -47 -108 -117
3125 3049 -16 -36 -18 -127 -25 48
3132 3062 -23 -15 -20 -102 -58 122
3130 3054 -23 -15 -20 -49 -73 46
3107 3031 15 -4 -33 -44 -78 -107
3063 2988 73 -31 -93 -97 123 20
3035 2968 73 -31 -93 -105 -58 -66
3012 2931 119 -18 -116 -50 -43 -85
2983 2894 -105 -25 119 8 -77 96
2966 2873 -105 -25 119 60 96 115
2944 2872 -76 -49 88 -7 -53 41
2946 2891 -72 -77 -122 -5 55 3
2927 2901 -15 112 92 91 -87 32
2913 2894 -15 112 92 -110 -19 82
2922 2929 -32 63 88 -109 106 36
2917 2896 -52 30 102 -46 16 -45
2925 2905 -52 30 102 -75 -109 -121
2932 2895 -57 8 107 -110 121 -27
2941 2927 -36 -61 112 85 63 94
2942 2922 -36 -61 112 -51 -47 -25
2950 2950 -58 -25 123 31 65 -51
2977 2987 -48 9 115 75 -9 65
2988 2998 -48 9 115 30 56 -83
3002 3004 -34 32 96 -105 -60 126
3012 2998 -23 47 110 -126 -113 60
3017 3002 -23 47 110 -117 -48 -99
3022 2992 -47 39 96 10 20 110
3025 2991 -36 33 104 95 -52 -110
3022 2947 -50 15 108 -84 -16 25
2989 2923 -50 15 108 29 106 -77
2984 2914 -40 27 127 -66 105 -10
2957 2903 -55 47 118 7 -13 -116
2961 2925 -55 47 118 -21 -24 56
2956 2930 -12 27 94 -72 -91 -31
2945 2936 -36 48 102 -108 31 57
2959 2955 -36 48 102 29 116 123
2963 2949 -32 44 112 102 71 48
2965 2954 -52 48 115 115 120 62
2975 2969 -52 48 115 21 -115 82
2973 2979 -40 47 107 104 -14 89
2982 2983 -36 35 111 -89 -97 -27
2992 2976 -36 35 111 19 17 43
2994 2961 -36 44 112 96 106 -5
2988 2954 -45 48 112 126 10 8
2990 2955 -45 48 112 90 -95 125
2986 2963 -40 43 111 -56 -5 63
2988 2968 -39 48 115 -118 96 -123
2997 2977 -41 44 115 -4 48 47
3003 2986 -41 44 115 -63 -61 91
3013 2984 -40 47 108 -44 -54 23
3021 2999 -33 35 104 -12 76 -49
3031 3001 -33 35 104 -52 59 36
3036 2994 -45 41 126 39 -20 10
3042 2998 -47 41 119 -44 122 81
3043 3007 -47 41 119 -43 -3 -66
3045 3008 -49 31 120 120 -20 24
3055 3017 -39 39 112 -46 23 -53
3056 3020 -39 39 112 -118 125 -85
3058 3025 -45 35 112 -109 -105 -103
3053 3026 -34 35 110 100 -128 1
3047 3026 -34 35 110 -55 -93 -83
3058 3031 -36 31 108 100 9 48
3064 3034 -40 57 112 46 -16 -25
3067 3030 -36 39 107 14 2 81
3063 3031 -36 39 107 -127 -76 112
3049 3003 -36 46 99 72 -120 121
3057 3002 -32 54 99 -82 16 106
3036 2980 -32 54 99 -120 -54 4
3045 2977 -32 38 103 113 -22 -118
3047 2990 -34 55 108 -62 -11 5
2947 2953 -34 55 108 -75 -70 -18
2904 2952 -20 42 103 -100 -42 -80
2901 2957 -44 32 103 -21 68 -124
2923 2965 -44 32 103 5 95 -81
2934 2983 -36 54 108 -57 126 73
2951 2960 -36 48 104 -69 -93 -20
2977 2984 -36 48 104 -25 -119 -28
2986 3004 -32 43 118 55 -86 33
2983 2963 -45 40 105 2 56 3
2946 2939 -39 39 115 36 102 73
2950 2966 -39 39 115 78 100 -5
2954 2980 -49 48 116 -100 40 51
2968 2989 -45 41 113 41 -31 41
2982 2998 -45 41 113 113 107 14
2991 3004 -40 40 110 11 29 125
3008 3013 -45 41 112 -105 88 122
3013 3018 -45 41 112 40 90 -89
3013 3021 -40 41 113 -5 119 53
3008 3018 -40 48 108 45 11 -7
3004 3016 -40 48 108 37 -86 118
2987 3011 -36 48 110 39 76 -30
2987 3003 -40 41 113 -5 114 -107
2970 2990 -40 41 113 -34 106 -62
2965 2990 -45 44 105 -12 25 -29
2968 2991 -33 47 103 23 -127 79
2941 2979 -36 46 102 118 -29 85
2953 2983 -36 46 102 -52 116 -108
2965 2982 -33 39 100 1 87 96
2980 2990 -40 46 108 -53 -89 61
2976 2976 -40 46 108 117 100 52
2995 2988 -29 39 99 -58 -64 91
3008 2999 -36 40 99 -44 -73 -115
3017 3012 -36 40 99 13 -58 47
3020 3019 -29 35 96 -109 32 -115
3026 3023 -34 39 99 -105 45 120
3034 3030 -34 39 99 78 61 105
3040 3033 -33 35 102 124 -53 -109
3042 3040 -29 38 102 -118 -126 -57
3045 3038 -29 38 102 -103 -32 -101
3014 3019 -34 31 99 19 37 63
2986 2996 -34 35 99 20 -6 91
2969 2981 -24 35 99 -46 -10 78
2978 2986 -24 35 99 -94 55 52
2972 2991 -31 35 103 114 -57 -87
2981 2989 -36 38 103 93 112 27
2990 2991 -36 38 103 94 61 5
2999 3000 -31 46 108 85 -80 112
3004 3008 -32 39 108 77 -110 -48
3013 3016 -32 39 108 21 6 -118
3012 3020 -36 30 103 -7 16 -43
3004 3021 -34 28 103 -90 -118 73
3004 3022 -34 28 103 84 -9 49
2997 3014 -33 31 107 7 95 95
3001 3020 -31 24 105 -52 -95 90
2990 3020 -31 24 105 96 -3 -100
3002 3024 -37 35 112 -74 12 -87
3012 3031 -36 28 115 68 -27 51
3020 3035 -36 28 115 -10 -4 36
3025 3016 -21 28 92 24 39 -10
3010 3005 -29 33 103 -27 104 -90
3005 3014 -41 31 105 -76 -48 -60
3018 3015 -41 31 105 99 -34 -97
3034 3021 -39 28 102 -69 -89 -91
3039 3028 -40 41 108 -112 -7 94
3051 3030 -40 41 108 74 121 124
3058 3031 -31 44 99 2 -64 95
3059 3028 -57 39 120 6 -28 127
3070 3030 -57 39 120 -40 -82 118
3080 3025 -18 48 94 -48 113 -43
3075 3024 -36 47 103 -91 -29 -68
3077 3025 -36 47 103 -111 61 -33
3054 3025 -5 44 83 96 -43 119
3031 3025 -40 28 97 83 48 42
3041 3027 -40 28 97 -21 94 -1
3035 3027 -20 35 88 -1 -94 -5
3022 3023 -40 41 96 -1 -66 25
3012 3026 -26 17 88 41 -22 104
3000 3024 -26 17 88 12 -92 -76
2971 3024 -23 25 89 30 4 -127
2961 3014 -20 28 87 -126 -3 18
2966 3015 -20 28 87 -8 66 -81
2969 3015 -25 27 88 37 88 73
2970 3014 -25 31 84 15 -58 8
2972 3012 -25 31 84 44 -84 -5
2973 3014 -20 28 79 -103 33 43
2960 3013 -25 27 86 96 -30 65
2970 3009 -25 27 86 -47 10 47
2980 3011 -17 30 80 -121 35 -8
2982 3005 -25 30 86 24 -112 -62
2987 3006 -25 30 86 -91 -68 31
2983 3009 -25 36 86 117 25 50
2970 3012 -29 35 88 49 -46 -22
2949 3013 -25 35 84 -67 -4 63
2956 3013 -25 35 84 99 106 -17
2952 3010 -25 32 88 91 -23 106
2961 3000 -18 20 92 -102 37 -93
2973 2989 -18 20 92 54 98 127
2975 2989 -20 24 83 5 35 -27
2978 2985 -41 39 102 36 50 104
2985 2991 -41 39 102 -36 -117 -109
2983 2989 -21 47 97 94 -40 -84
2990 2986 -31 48 103 29 45 -32
2998 2994 -31 48 103 -101 -79 105
3005 2997 -41 64 111 -84 -102 9
3008 3004 -55 76 108 -103 -113 -70
3015 3014 -55 76 108 100 30 -63
3015 3016 -49 83 111 -113 79 110
3012 3017 -40 64 96 93 -13 113
3013 3021 -32 62 110 108 28 12
3004 3016 -32 62 110 -113 32 88
3001 3015 -39 55 97 -29 0 53
2990 3015 -46 51 94 57 -10 -110
2989 3019 -46 51 94 19 -30 4
3001 3030 -29 24 127 82 -59 90
3002 3022 -56 24 108 49 -126 119
3010 3025 -56 24 108 125 31 34
3015 3023 -33 28 112 98 122 -24
3010 3019 -24 28 113 52 -124 71
3019 3024 -24 28 113 -49 -10 4
3019 3028 -26 33 96 72 53 80
3023 3029 -32 31 105 43 -14 -4
3025 3031 -32 31 105 -37 -43 113
3029 3030 -31 40 95 -114 -125 -114
3026 3027 -24 38 95 -86 -105 77
3017 3023 -24 32 104 -69 106 -57
3011 3013 -32 32 104 -92 -106 78
3015 3021 -31 33 99 -98 122 -73
3023 3028 -36 35 103 3 -3 -40
3030 3035 -36 35 103 104 -27 -81
3033 3036 -32 32 102 -121 40 -58
3038 3035 -36 33 108 -39 -10 -94
3042 3033 -36 33 108 23 -6 94
3038 3032 -36 31 100 101 -16 -49
3039 3033 -31 33 102 -72 95 -81
3042 3034 -31 33 102 -115 77 -19
3032 3037 -32 31 99 -35 -115 66
3033 3033 -34 33 108 -71 -91 124
3038 3033 -34 33 108 41 -18 64
3040 3035 -38 32 103 39 -95 73
3041 3038 -31 31 103 -124 98 17
3040 3033 -31 31 103 75 59 95
3040 3031 -36 39 96 -7 3 -13
3042 3033 -32 54 103 37 -108 -93
3048 3035 -39 40 102 83 29 -51
3053 3038 -39 40 102 13 -126 -101
3056 3043 -40 49 112 -3 75 23
3059 3042 -36 54 103 -3 -8 -42
3059 3044 -36 54 103 14 67 21
3058 3045 -40 57 103 -124 -67 -53
3053 3010 -36 49 89 19 42 15
3048 3014 -36 49 89 94 -109 38
3051 3015 -32 40 88 41 -24 -108
3033 3005 -24 67 71 -96 -113 -117
3024 3004 -24 67 71 51 -63 79
3027 3003 -20 43 73 48 15 -64
3036 3008 -20 35 94 30 -4 69
3042 3014 -20 35 94 40 108 121
3047 3021 -31 48 79 -107 -15 2
3047 3027 -25 49 80 69 -44 96
3030 3029 -4 51 49 122 64 -12
3019 3019 -4 51 49 -44 28 39
3022 3015 -13 15 83 -86 -64 -5
3003 2993 -33 31 89 -86 63 7
2989 2982 -33 31 89 124 82 2
2985 2983 -34 43 96 83 89 -48
2985 2986 -25 3 108 13 -49 -75
2986 2978 -25 3 108 -121 -51 53
2997 2976 -32 16 96 -15 77 97
2978 2969 -32 25 108 9 48 7
2977 2960 -32 25 108 88 95 100
2979 2940 -40 20 111 -72 72 42
2966 2942 -9 35 79 23 -29 84
2955 2934 -9 35 79 25 -67 -6
2961 2933 -16 31 76 12 -4 -43
2982 2955 -32 36 100 -24 23 -12
2991 2965 -65 39 -122 118 63 -116
2996 2968 -65 39 -122 -44 -105 -32
3013 2968 -45 79 124 -14 54 83
3025 2964 -33 80 108 57 87 71
3041 2984 -33 80 108 -49 -111 125
3045 2981 -93 -113 116 -103 64 5
3038 2968 -67 -112 103 83 -87 90
3054 2974 -67 -112 103 -67 20 79
3062 2978 -34 -97 86 32 -23 108
3070 2992 -73 -77 83 -48 -101 -59
3073 2991 -73 -77 83 -84 65 -123
3075 2972 -64 -81 79 -51 28 81
3069 2972 -20 79 92 103 12 -56
3050 2982 -20 79 92 120 25 94
3025 2979 -52 19 121 -118 -57 -55
3031 2980 -72 -34 -119 121 -55 75
3033 2985 -63 -32 -121 82 -38 -103
3036 2990 -63 -32 -121 115 -124 -37
3042 3001 -47 -45 -117 71 77 -19
3040 3007 -49 -29 -121 -87 83 94
3043 3003 -49 -29 -121 90 -73 -62
3037 2994 -36 -8 -122 -77 58 -104
3024 2994 -20 48 108 52 43 22
3018 2972 -20 48 108 109 59 86
3022 2976 -32 67 94 -37 -77 -55
3003 2979 -69 99 120 -75 -52 -37
3009 2989 -69 99 120 -78 98 76
2999 2972 -95 119 124 42 -18 -41
3004 2967 -32 92 94 48 -79 108
3010 2975 -32 92 94 -45 -15 -37
3017 2986 -45 81 91 -127 -24 46
3030 2991 -29 92 76 -4 40 37
3036 2982 -15 63 71 80 3 86
3041 2985 -15 63 71 63 -83 59
3047 2994 -13 50 63 -6 -39 -70
3048 3001 -16 60 63 -107 -115 17
3047 3008 -16 60 63 97 -23 107
3011 2988 7 56 57 22 84 -2
3001 2991 -7 52 54 -84 121 66
2997 2995 -7 52 54 -118 47 20
3009 2992 3 49 48 44 94 -98
2998 2983 -4 38 67 97 -97 -19
2986 2976 -4 38 67 -72 93 18
2990 2977 -5 28 60 59 -74 88
3011 2994 -17 44 79 87 -117 92
3028 2997 -17 44 79 87 23 -51
3020 2994 -32 30 89 -115 -102 24
3037 3005 -25 -4 84 18 80 117
3039 3016 -25 -4 84 30 -19 -77
3029 3003 -13 23 68 78 -15 38
3035 3004 -7 44 54 28 42 29
3027 3000 -2 51 54 -1 -125 -36
3020 3004 -2 51 54 30 32 19
3009 3002 3 59 48 65 -26 47
3001 2990 -1 57 45 110 -5 7
3003 2989 -1 57 45 -17 114 -9
3007 2994 -15 63 35 44 40 -3
3003 2995 -1 67 38 5 56 57
3012 2997 -1 67 38 67 -65 111
3010 3003 -2 60 35 -104 89 -46
3010 2995 -7 60 31 -13 33 -106
3010 2998 -7 60 31 -43 54 127
3008 2996 3 63 19 105 -8 -62
3011 2992 16 52 24 -82 -85 -25
3009 2989 16 52 24 -104 114 -21
3009 2993 -7 76 16 66 55 23
3015 3000 6 73 19 33 -27 121
3013 3001 12 76 19 -85 71 104
2997 3004 12 76 19 -104 -101 43
3016 3002 12 72 11 -37 104 -58
3018 3000 24 17 19 -94 -7 -109
3025 3003 24 17 19 -14 86 67
3016 3012 -5 48 36 -21 -43 78
2993 3006 4 40 36 -16 28 71
2995 3009 4 40 36 -30 25 -101
2997 3014 6 39 25 -36 -5 -50
2992 3007 -1 39 30 -127 75 -37
2997 3008 -1 39 30 -40 -7 -70
2995 3013 -1 39 39 38 74 -108
2999 3019 -7 39 35 -69 -25 13
2999 3017 -7 39 35 5 125 3
2976 2997 6 48 33 -113 6 13
2968 2989 4 39 23 -18 -56 42
2989 3003 1 41 23 -9 -49 33
3001 3009 1 41 23 91 -4 65
3005 3009 19 60 14 -85 64 5
3003 3005 35 27 6 -62 -120 10
3004 3012 35 27 6 -82 3 -63
3004 3002 -13 44 44 19 -1 42
3015 3010 -9 60 39 120 80 15
3023 3016 -9 60 39 -43 15 -50
3027 3023 -9 51 39 77 46 -8
3032 3028 -20 72 56 58 -109 52
3032 3030 -20 72 56 -82 -51 -64
3010 3021 4 63 31 28 -38 74
3005 3025 -16 110 27 69 45 -120
3011 3031 -16 110 27 -77 6 -87
3020 3027 22 49 12 -27 -77 80
3014 3019 -7 80 23 -118 86 100
3005 3021 19 60 30 -42 86 -89
2998 3016 19 60 30 -105 79 108
2995 3015 -1 47 32 2 80 65
3000 3008 -16 35 31 -86 -53 113
2996 2992 -16 35 31 -67 -14 -20
2999 3001 12 83 25 5 30 121
3011 3006 3 56 39 -117 -12 72
3013 3009 3 56 39 73 16 -28
3018 3017 -1 40 30 -40 -58 -120
3031 3022 -8 25 54 -85 80 48
3035 3002 -8 25 54 -50 62 -36
2996 2961 3 35 39 -5 111 -80
2983 2961 -9 56 41 101 -10 -59
2996 2982 -9 56 41 22 96 -41
2996 3000 3 59 28 -6 -77 -30
3004 3003 4 51 28 -118 66 37
3010 3004 12 79 12 -41 61 112
3011 3011 12 79 12 -39 -105 -113
3015 3016 -9 48 31 -39 -31 93
3023 3021 23 26 11 27 124 -109
3032 3025 23 26 11 73 0 -101
3035 3028 3 51 28 56 99 121
3042 3027 -8 84 23 -104 31 -104
3047 3031 -8 84 23 -19 92 -5
3050 3032 24 31 8 -34 44 -13
3047 3036 -1 57 41 -30 25 40
3051 3041 -1 57 41 -58 127 90
3058 3049 -4 60 31 -28 -42 -26
3061 3042 -1 51 36 16 -85 98
3005 2985 -1 51 36 40 -45 43
2988 2970 -5 44 38 -45 -63 -28
2993 2989 -20 54 57 72 62 -10
3006 2999 -12 56 63 56 -75 3
3019 3013 -12 56 63 -82 -58 -119
3021 3016 -15 64 56 -6 45 66
3009 3013 -7 47 60 -105 28 -18
3002 3016 -7 47 60 -30 -124 3
2999 3018 16 24 41 -6 89 115
3006 3015 -15 9 71 -37 -37 39
3004 2980 -15 9 71 -13 121 88
2998 2962 -26 -17 103 -122 -55 -20
3012 2980 -33 12 78 -2 30 -60
3021 2971 -33 12 78 53 -103 117
3034 2990 -1 88 57 -50 83 32
3050 2985 -47 127 56 87 -88 -31
3053 2989 -47 127 56 -107 -95 69
3074 2999 -33 -72 103 -63 -114 -1
3079 2974 -104 -84 67 -60 122 -89
3054 2947 -104 -84 67 -119 91 81
3030 2931 -25 -89 39 -38 47 23
3009 2934 -29 -65 12 -76 74 33
3006 2946 -16 -84 -4 -113 -91 -16
2997 2955 -16 -84 -4 -11 39 98
2996 2965 6 127 -2 -48 -105 40
2992 2977 14 120 -1 -81 47 -77
2988 2983 14 120 -1 34 -120 -32
2998 2991 6 120 -16 -107 -54 42
3011 2992 -1 119 7 -124 -9 -44
3012 2997 -1 119 7 107 -43 83
3021 3005 -18 96 39 -70 -33 -119
3023 2998 -10 70 24 -92 -55 -58
3002 2999 -10 70 24 -36 -122 34
3002 3009 15 -121 -4 32 71 110
3013 3005 -1 96 15 19 18 109
3016 3013 -1 96 15 -106 -109 -123
3022 3013 -1 65 31 32 -34 -22
3017 2996 17 117 -1 -3 -33 29
3024 3010 1 96 9 97 37 -28
3023 3011 1 96 9 58 -124 -95
3013 3009 -4 48 30 -54 30 117
3007 3013 -1 99 19 3 -65 69
3011 3005 -1 99 19 79 8 -67
3011 3012 -9 100 33 -94 -59 29
3016 3002 -20 99 41 -59 -17 -35
3002 2976 -20 99 41 -97 46 -9
3045 2955 -18 -114 54 89 119 -100
3079 2993 -31 112 63 -36 90 44
3071 2987 -31 112 63 -62 40 -25
3077 2997 -45 -84 48 25 124 122
3082 3001 -36 -82 52 -93 -69 -31
3095 3014 -36 -82 52 -32 -49 -6
3104 3015 -45 -92 49 43 24 91
3100 2998 -29 -98 47 -8 14 -13
3091 2992 -25 -104 39 -62 116 30
3094 3001 -25 -104 39 109 -10 -49
3101 3012 -10 -90 51 11 41 122
3104 3019 -27 -93 46 -122 -13 70
3091 2988 -27 -93 46 62 -96 -47
3062 2987 -20 -89 44 -100 38 -10
3047 2962 -39 120 60 -101 -56 104
3020 2962 -39 120 60 -19 87 101
3016 2965 -16 111 31 -3 28 37
3006 2973 -5 99 24 -69 94 -41
3015 2981 -5 99 24 64 31 -75
3014 2985 -9 112 28 -116 -8 26
3027 2992 -8 103 41 -35 -120 -120
3033 3002 -8 103 41 0 -17 -61
3030 3003 -2 103 31 -111 44 -115
2985 2994 -4 112 24 -44 2 80
2963 2976 3 88 19 33 7 120
2959 2967 3 88 19 102 -35 -29
2965 2982 -1 102 27 -125 28 -121
2953 2982 24 92 -4 -81 -43 -64
2979 2990 24 92 -4 -70 -112 -116
2978 3010 -4 71 27 0 6 87
2971 3012 -7 67 22 104 62 48
2970 3011 -7 67 22 -99 2 -92
2988 3010 7 67 24 -38 -1 104
3002 3011 -13 79 36 49 -28 -116
3004 3014 -13 79 36 -121 -77 90
3004 3017 -1 92 32 -88 -111 -9
2980 3015 -8 81 28 -79 49 -75
2969 3019 -8 81 28 112 5 28
2978 3021 -13 95 22 -37 -75 78
2976 3024 3 81 23 -95 21 97
2972 3024 3 81 23 -45 -65 88
2972 3019 12 72 6 118 90 -1
2942 3000 17 83 7 13 54 -38
2964 3004 8 92 -4 63 -84 23
2954 3006 8 92 -4 -27 44 -55
2965 3005 7 67 22 63 -36 -54
2978 3015 3 83 24 -64 37 -61
2963 3011 3 83 24 45 118 -13
2970 3009 -10 67 33 -9 92 95
2987 3009 11 124 12 -113 67 60
2985 3015 11 124 12 -23 -26 88
2993 3014 -8 73 30 75 5 65
2969 3006 -4 88 30 34 -33 20
2980 3012 -4 88 30 0 66 -74
2989 3011 -4 88 38 104 77 43
2996 3016 4 88 31 -41 -58 25
3011 3024 4 88 31 -47 -59 -101
3009 3019 -15 72 31 116 -76 -65
3014 3026 7 121 7 -58 -55 7
3010 3029 -15 80 46 -111 1 -110
3003 3031 -15 80 46 -3 53 30
3013 3035 -5 70 35 74 -9 -32
3014 3030 -9 82 38 -5 -86 121
3017 3028 -9 82 38 36 -43 40
3019 2988 -4 92 24 -124 -54 -77
2969 2952 -1 95 38 -80 83 -12
2962 2959 -1 95 38 101 -106 29
2968 2964 -9 62 31 -21 17 -41
2982 2983 -8 73 44 18 -10 48
2985 2988 -8 73 44 -57 86 -118
2968 2985 -4 94 36 42 59 85
2968 2999 -12 63 39 -40 -117 119
2974 3005 -12 63 39 45 99 -54
2993 3017 -2 97 15 120 -21 0
3010 3018 -16 72 41 22 -121 -100
3019 3029 -8 63 40 -24 10 47
3020 3028 -8 63 40 21 72 93
3020 3025 -4 68 31 19 -8 -68
3011 3020 12 79 17 30 88 -2
2990 3006 12 79 17 57 -66 -102
2996 3012 -20 99 30 123 39 -8
2992 3000 3 96 24 -104 -73 -38
2995 2968 3 96 24 82 -73 -112
2989 2987 -4 87 31 -63 -122 -15
3012 3003 -9 108 23 -56 110 15
3018 3004 -9 108 23 -87 31 33
3023 3012 -12 113 24 26 8 -17
2996 2993 -9 99 23 -54 -37 -83
3040 3027 -9 99 23 87 -72 28
3041 3033 -1 97 22 113 -59 29
3035 3021 -9 91 28 -10 29 -79
3035 3020 -16 112 35 39 9 40
3031 3022 -16 112 35 -128 54 -88
3027 3022 -10 112 33 28 59 -106
3017 3017 -5 80 38 -49 110 103
3019 2995 -5 80 38 -106 44 9
2994 2969 -16 81 28 -94 -33 125
2989 2989 3 86 38 86 -41 -18
3003 3007 3 86 38 86 -123 -127
3012 3019 -2 79 41 -46 -122 -117
3001 3019 -4 81 30 117 -92 -50
3005 3017 -4 81 30 64 -26 -111
2997 3014 -1 79 33 -46 -61 94
2999 3017 3 65 28 59 57 105
2996 3019 3 65 28 -51 102 -126
3021 3023 -9 72 12 -91 -99 21
3038 3032 6 94 31 5 -107 -9
3035 3029 -17 83 43 68 119 -22
3028 3028 -17 83 43 -14 95 -13
3034 3031 -4 81 36 111 -7 75
3045 3036 -8 76 47 -26 -119 -61
3049 3039 -8 76 47 -57 -69 -80
3041 3037 -5 79 35 -56 92 -3
2991 3034 -8 60 31 -80 -112 -3
2993 3023 -8 60 31 -2 -99 -9
2992 3007 -9 41 67 -51 -45 -25
2999 3024 3 88 48 113 18 -76
3000 3035 3 88 48 -22 -38 64
3010 3038 -12 92 39 -95 -70 115
3021 3047 -4 86 31 69 -55 -14
3032 3052 -4 86 31 -82 -15 97
3036 3052 -9 94 33 42 -116 -41
3035 3053 -1 92 23 15 -49 -108
3028 3051 -4 76 27 -49 -107 26
3024 3045 -4 76 27 -88 11 29
3021 3044 8 88 28 98 -20 64
3015 3036 0 91 12 44 -83 -68
3018 3043 0 91 12 -62 30 -29
3016 3039 1 86 28 122 7 -58
3017 3042 8 79 12 -13 1 -87
3020 3042 8 79 12 -110 -82 -67
3022 3049 7 73 7 82 102 58
3022 3052 -1 78 15 97 -43 64
3032 3056 -1 78 15 -95 7 -91
3038 3057 11 41 28 -120 29 75
3025 3039 9 57 12 111 27 94
3011 3032 9 57 12 -90 114 -15
3009 3003 -23 -93 38 -88 68 15
3005 2962 -57 -52 33 61 118 101
3007 2966 -57 -52 33 12 114 -86
3009 2978 -52 -24 15 -86 -70 59
3011 2988 -4 -109 33 -34 -89 80
3009 3001 -24 89 78 42 107 -123
3019 2991 -24 89 78 9 -30 112
3035 3002 -40 71 96 31 13 -79
3047 3009 -61 -125 65 118 103 64
3056 3015 -61 -125 65 -59 30 -77
3054 3021 -38 -101 59 95 119 -51
3061 3028 -50 -55 71 118 13 -72
3047 2995 -50 -55 71 25 -28 -38
3031 2983 -23 -18 51 29 -6 49
3029 2986 -66 52 79 -30 118 42
3021 2979 -66 52 79 -111 21 -47
3012 2986 -10 -100 92 -92 88 63
2989 2986 -64 -31 83 -1 32 88
2983 2992 -64 -31 83 -52 96 -14
2994 2973 -47 -18 87 102 -32 60
3011 2986 -111 -61 115 118 -108 -57
3024 2983 -28 70 -9 -101 28 -52
3044 2990 -28 70 -9 -66 -115 -19
3062 3013 -97 -104 92 55 41 39
3063 3029 -90 -53 -121 40 97 -96
3054 3041 -90 -53 -121 -113 -108 -95
3035 3050 -72 -44 -97 -120 -37 -56
3028 3050 -45 0 100 -107 -77 -93
3011 3032 -45 0 100 10 97 -26
3020 3028 -4 68 -13 -51 31 119
3046 3023 81 118 -116 98 63 24
3065 3007 81 118 -116 -48 100 125
3064 2977 -127 -63 -97 -35 -33 -70
3066 2953 -93 103 -105 42 65 97
3063 2959 -93 103 -105 -67 -128 16
3056 2965 -52 111 115 64 98 -48
3047 2973 -42 79 73 -41 -64 -46
3006 2968 -18 97 56 77 94 47
2968 2953 -18 97 56 51 -32 115
2968 2950 -26 79 24 -46 25 -83
2967 2941 103 -89 36 -14 126 64
2980 2910 103 -89 36 -39 126 -96
2977 2919 -87 -74 -8 -102 -102 -123
2995 2934 -36 -68 44 -13 -78 -2
2993 2935 -36 -68 44 -27 26 110
3003 2946 -81 -63 28 57 -16 -122
3002 2955 39 113 27 -20 90 -96
3000 2960 39 113 27 96 27 86
3009 2970 -10 79 17 120 73 119
3010 2962 -1 99 14 -119 70 116
3006 2955 -1 99 14 -38 96 64
3009 2963 32 115 -40 -105 77 -12
3015 2976 15 -121 -56 -70 55 -50
3025 2979 22 -122 -72 59 120 -53
3030 2986 22 -122 -72 -88 -65 3
3030 2982 -4 -109 -49 -27 -39 -35
3028 2991 14 -125 -57 82 59 -33
3031 2999 14 -125 -57 2 59 -94
3016 2997 19 116 -52 -51 56 44
2995 2989 7 126 -29 46 89 -123
3001 2993 7 126 -29 113 95 -121
2998 3000 14 127 -40 -57 -63 34
2989 3013 15 -125 -49 -15 95 -119
2963 3009 15 -125 -49 -9 26 -67
2957 3007 1 127 -29 10 20 -31
2965 3008 -13 -126 -25 -58 -120 89
2967 3009 -13 -126 -25 41 83 -119
2968 3008 7 -119 -36 53 105 51
2967 3003 7 -112 -38 -94 54 108
2960 2999 -9 -124 -10 109 71 23
2972 3005 -9 -124 -10 -106 -47 -74
2983 3016 -1 -116 -18 -77 -118 -117
2986 3021 -7 -113 -9 -96 -51 -51
2990 3024 -7 -113 -9 -100 -5 13
2989 3026 6 -121 -15 77 13 -7
2989 3007 11 124 -12 -98 -60 -82
2968 2937 11 124 -12 -107 65 48
2965 2939 -7 -100 -16 35 49 83
2992 2963 -13 -104 -12 99 -63 -69
3008 2959 -13 -104 -12 110 76 -91
3017 2972 -13 -116 7 39 23 51
3024 2983 -5 -101 -8 -90 -26 79
3033 2989 -5 -101 -8 -108 111 -80
3035 2995 -8 -106 -8 -105 -94 125
3034 2989 -13 -98 -1 103 113 18
3038 2990 -13 -97 -10 116 28 97
3035 2994 -13 -97 -10 87 -109 -63
3035 2995 6 -100 -17 -13 9 88
3036 2991 -12 -99 -17 106 80 -64
3035 2996 -12 -99 -17 -112 7 -124
3037 2992 -12 -102 -18 -85 -47 93
3042 2994 3 -108 -12 -84 9 106
3038 2990 3 -108 -12 64 -122 -30
3033 2985 -1 -95 -20 3 30 -108
3020 2987 -16 -98 -15 -46 97 127
3022 2992 -16 -98 -15 100 -114 120
3021 2996 -2 -97 -25 65 38 -123
3008 2992 -8 -88 -16 23 -2 -107
3001 2998 -8 -88 -16 -41 76 77
3002 3000 -4 -97 -20 123 -75 89
3011 3012 -2 -110 -17 10 43 -58
3011 3014 6 -106 -19 -112 122 -26
3014 3017 6 -106 -19 35 9 -96
3004 3020 -1 -116 -15 83 -39 108
3004 3019 -9 -108 -16 63 -25 -124
3011 3020 -9 -108 -16 -21 113 -120
3014 3020 -4 -109 -18 4 -27 -59
3012 3018 -13 -113 -4 -55 -40 93
3015 3021 -13 -113 -4 64 -127 79
3020 3025 8 -113 -29 56 100 44
3028 3026 -10 -98 -17 80 58 -37
3021 3002 -10 -98 -17 25 -91 -125
3003 2947 -8 -106 -20 -48 -36 109
3006 2967 -13 -87 -9 48 49 41
3027 2977 -13 -87 -9 6 -69 -18
3039 2987 -9 -94 -4 42 -81 39
3044 3002 -15 -92 -17 -84 -105 98
3048 3010 -15 -92 -17 121 104 27
3053 3018 3 -93 -34 -124 -68 -57
3052 3020 -2 -109 -32 26 -101 -95
3059 3021 -1 -88 -31 60 84 -102
3058 3021 -1 -88 -31 108 116 -62
3051 3014 -25 -77 -5 -40 13 84
3052 3015 -32 -80 3 -117 119 10
3056 3015 -32 -80 3 101 65 94
3052 3001 -8 -90 3 -61 9 -76
3046 2996 -26 -88 -1 113 -5 73
3041 3005 -26 -88 -1 -80 -72 37
3042 2993 -29 -79 22 -52 123 -93
3032 2992 -24 -97 -1 74 111 -76
3021 2995 -24 -97 -1 -52 -4 -98
3016 2995 -13 -97 -26 9 -44 -44
3013 2991 6 -89 -34 -60 -51 21
3016 2994 6 -89 -34 -85 -114 1
3023 2997 -17 -85 -4 42 -110 79
3030 3005 -29 -93 7 -124 -48 28
3030 3010 -4 -89 -16 117 14 52
3031 3004 -4 -89 -16 -47 71 -29
3025 3012 -7 -100 -25 -84 -78 -74
3021 3017 12 -97 -42 86 -85 61
3026 3026 12 -97 -42 -94 84 -111
3031 3031 3 -100 -45 40 43 86
3033 3021 8 -99 -39 -20 -95 85
3027 3010 8 -99 -39 -118 75 -97
3032 3022 -7 -95 -41 -22 -43 -9
3036 3026 6 -84 -42 0 51 19
3036 3024 6 -84 -42 -19 -44 74
3045 3021 12 -98 -55 -94 -21 61
3024 2977 -16 -103 -4 22 114 -79
3004 2962 -16 -103 -4 60 -39 62
3022 2985 -33 -80 6 61 -57 42
3037 2999 -32 -93 12 -29 -116 -4
3047 3013 -16 -89 -1 36 -36 -12
3052 3014 -16 -89 -1 114 -64 83
3050 3016 -7 -81 -31 -2 -123 -107
3049 3014 19 -87 -57 -97 11 29
3038 3019 19 -87 -57 -1 -89 4
3036 3023 -4 -89 -47 24 109 46
3041 3026 -1 -89 -44 30 8 55
3045 3025 -1 -89 -44 -64 -34 -119
3035 3026 -12 -100 -39 -19 -80 -26
3028 3021 -25 -95 -23 -40 -6 62
3037 3035 -25 -95 -23 61 -47 124
3044 3041 -1 -111 -36 -80 1 -7
3051 3041 -8 -104 -29 7 38 -74
3051 3045 -8 -104 -29 9 -9 -52
3058 3043 -1 -93 -42 55 80 56
3060 3048 3 -93 -36 5 16 55
3057 3049 -8 -77 -49 -12 27 93
3059 3017 -8 -77 -49 18 82 -22
3038 3002 -7 -97 -33 -120 -73 96
3043 3009 -7 -89 -37 -111 -93 -14
3050 3022 -7 -89 -37 -62 -6 -102
3063 3029 -8 -101 -20 -54 95 84
3068 3043 -16 -104 -8 -101 -15 -62
3066 3049 -16 -104 -8 27 20 -5
3076 3056 -16 -98 -16 -88 -51 112
3079 3061 -8 -89 -20 -94 -92 -57
3051 2991 -8 -89 -20 102 -57 24
3014 2968 -8 -93 -39 -125 -106 -56
3016 2988 3 -98 -36 95 -56 76
3034 2971 3 -98 -36 76 44 94
3040 2989 3 -109 -31 -64 106 22
3050 2989 -5 -124 -25 2 126 89
3051 2997 -2 -116 -23 -46 85 74
3053 3003 -2 -116 -23 90 62 75
3050 2999 -1 -113 -17 -107 67 105
3048 3001 -1 -116 -17 -71 37 -78
3031 2997 -1 -116 -17 29 -8 -84
3040 3005 12 -119 -31 -128 -97 -53
3044 3013 -7 -116 -20 59 96 28
3038 3011 -7 -116 -20 -118 71 60
3031 3016 -2 127 -23 86 32 -40
3032 3020 7 -125 -18 27 -60 -59
3044 3018 7 -125 -18 98 33 69
3051 3022 6 -109 -31 44 84 -67
3054 3025 -16 -99 -7 70 77 84
3056 3030 -16 -99 -7 40 31 96
3055 3030 -15 -104 3 26 38 -12
3059 3037 -18 -100 6 -119 -60 8
3058 3031 -16 -104 -2 -88 69 87
3050 3026 -16 -104 -2 -71 95 31
3051 3026 -8 -104 -16 -122 -123 38
3045 3033 3 -104 -25 -23 15 -108
3048 3033 3 -104 -25 29 13 -28
3043 3027 4 -106 -32 -68 -64 10
3051 3025 3 -97 -32 -23 59 86
3052 3025 3 -97 -32 112 99 84
3050 3032 3 -92 -32 -24 -32 -100
3046 3037 -8 -101 -26 -118 42 80
3049 3012 -8 -101 -26 38 -56 95
3035 2984 -4 -105 -36 18 -51 67
3033 2989 -13 -93 -17 52 80 116
3040 2999 -13 -93 -17 -124 29 -61
3051 2992 -7 -104 -25 -66 -58 -103
3058 3006 -7 -104 -23 -28 67 3
3064 3015 -7 -104 -25 115 98 -100
3069 3018 -1 -105 -25 -25 96 47
3072 3012 -4 -93 -23 -16 -100 -32
3068 3017 1 -104 -29 83 -33 -43
3074 3016 1 -104 -29 39 -102 -2
3068 3018 6 -105 -34 -98 -9 -32
3062 3020 -8 -106 -16 123 65 82
3062 3017 -8 -106 -16 8 83 32
3047 3012 4 -113 -36 39 -75 -71
3048 3011 -4 -113 -24 -7 8 -11
3052 3016 -4 -113 -24 -22 -52 32
3047 3016 -7 -109 -36 113 -116 -33
3044 3018 -1 -116 -32 -123 -2 63
3039 3020 -1 -116 -32 82 -32 -78
3040 3015 3 -113 -36 -104 40 -16
3048 3013 9 -121 -29 107 63 5
3046 3015 9 -121 -29 -128 50 122
3037 3015 -4 -121 -28 -97 9 115
3029 3020 12 127 -36 17 -102 12
3029 3023 12 -125 -45 66 -79 -117
3033 3026 12 -125 -45 65 54 110
3026 3024 7 -122 -34 -120 117 -42
3023 3016 7 -121 -33 125 18 36
3029 3022 7 -121 -33 -48 78 -38
3029 3023 6 -109 -34 -1 77 -113
3033 3024 3 -119 -28 -20 -101 119
3036 3014 3 -119 -28 -121 -52 86
3032 2986 -4 -117 -25 118 83 -75
3043 3004 3 -105 -20 39 -86 -30
3055 3009 3 -105 -20 -59 27 -116
3065 3009 -8 -113 -16 -84 80 -119
3073 3019 -8 -109 -8 -114 -18 -54
3078 3027 -8 -109 -8 -97 -83 112
3079 3033 -16 -97 -18 -64 51 113
3079 3026 -4 -97 -25 117 38 -97
3074 3019 4 -101 -29 -124 113 92
3067 3018 4 -101 -29 39 46 39
3069 3026 3 -104 -25 -11 127 -47
3070 3030 -10 -107 -20 95 42 -2
3069 3020 -10 -107 -20 116 -11 1
3055 3008 -4 -106 -23 100 50 91
3048 3013 -1 -114 -10 -30 -96 -12
3061 3027 -1 -114 -10 92 122 -109
3062 3033 6 -103 -36 -52 -89 -84
3057 3036 -4 -100 -32 -55 -25 75
3054 3028 -4 -100 -32 -54 52 -100
3038 3025 -4 -100 -20 -25 -95 86
3039 3031 -2 -104 -15 -27 51 -51
3040 3040 -2 -104 -15 42 -57 -58
3036 3039 4 -111 -26 -104 112 24
3036 3037 -2 -114 -32 109 -128 -13
3035 3040 1 -113 -29 -89 49 -121
3030 3036 1 -113 -29 115 5 88
3033 3036 6 -121 -25 -40 -82 -109
3035 3036 3 -116 -26 -108 -84 36
3034 3036 3 -116 -26 103 116 -103
3032 3033 1 -120 -31 109 -21 52
3028 3036 9 -120 -38 38 70 40
3018 3033 9 -120 -38 13 -23 91
3019 3025 -4 127 -34 -49 80 -91
3022 3029 3 -122 -25 -84 -84 28
3027 3033 3 -122 -25 -13 23 127
3025 3032 -3 -114 -23 -81 -94 -9
3010 3027 -1 -114 -37 -18 108 -15
3007 3021 -1 -114 -37 -104 61 63
3020 3030 -8 -116 -25 -77 -39 22
3025 3031 3 -114 -39 35 122 -25
3033 3037 3 -100 -40 -98 -28 -102
3038 3044 3 -100 -40 77 -5 -18
3041 3049 -7 -106 -31 60 49 19
3032 3044 3 -116 -25 30 -5 107
3035 3049 3 -116 -25 55 -94 58
3021 2982 -4 -109 -20 -60 -3 84
3002 2980 7 -105 -29 -66 -33 -107
3034 3007 7 -105 -29 -19 -52 -4
3055 3000 -4 -114 -20 -70 -60 99
3067 3015 -4 -117 -15 -78 -34 8
3071 3019 -4 -117 -15 86 -113 -89
3079 3023 7 -113 -32 -50 36 -7
3080 3023 -4 -116 -25 -85 -19 -11
3076 3026 -4 -116 -25 -30 94 -81
3064 3028 -4 -121 -21 62 -109 49
3060 3027 -1 -117 -26 -66 -106 110
3065 3027 12 -117 -29 -127 89 57
3061 3025 12 -117 -29 39 -9 -84
3061 3029 3 -117 -33 -104 106 2
3058 3032 7 -116 -36 -16 109 77
3037 3032 7 -116 -36 -54 -59 96
3043 3032 3 -125 -28 86 -79 51
3046 3035 7 -125 -32 83 67 -7
3031 3026 7 -125 -32 -120 62 83
3038 3033 7 -114 -33 -124 47 -38
3040 3037 8 -114 -28 113 -97 101
3036 3044 8 -114 -28 33 126 -100
3032 3038 4 -80 -21 -121 -46 -74
3005 3004 -4 -80 -16 -110 -17 -22
3001 3000 -4 -80 -16 -93 28 -104
3003 3003 -5 -104 7 -10 77 -42
2995 3014 -25 -124 38 72 -120 -97
3005 3015 -61 54 104 28 112 -121
3015 3009 -61 54 104 -53 46 -79
3022 2999 -57 28 -127 41 14 33
3026 3009 -77 3 -106 20 -121 -80
3021 3019 -77 3 -106 76 -27 120
3015 3008 -73 51 -100 97 -25 87
3001 2980 -64 119 83 66 47 3
3003 2949 -64 119 83 27 81 -88
3028 2976 -13 -120 120 71 1 -39
3033 3003 -103 -93 124 -73 90 47
3048 3015 -103 -93 124 36 -71 -92
3055 3033 -24 39 -109 103 74 15
3030 3031 121 -89 -8 -113 -83 87
3020 2973 121 -89 -8 -111 59 4
3026 2968 8 78 19 108 33 35
3022 2970 -20 63 -10 -17 -3 -18
3034 2981 -13 17 19 -122 -120 -61
3045 2996 -13 17 19 102 -98 19
3050 2998 8 15 3 -115 68 -20
3047 3000 17 12 -13 -76 -116 -34
3049 2998 17 12 -13 24 15 -68
3057 2998 73 7 -47 -37 99 87
3056 3006 68 -68 -12 61 103 -71
3041 3022 68 -68 -12 -102 -92 32
3025 3007 72 -8 -29 -111 -24 20
3017 2977 60 71 -64 94 99 -36
3028 2961 60 71 -64 53 10 -82
3035 2958 -64 -25 96 81 26 125
3051 2943 -58 88 115 49 -38 113
3059 2964 -58 88 115 -52 18 -70
3076 2989 -52 92 87 -40 -104 73
3086 2995 -15 103 51 -126 -112 74
3097 2991 -15 103 51 -52 -127 -60
3106 2966 -39 103 60 -84 -94 -61
3101 2962 71 56 86 23 -17 -125
3088 2965 -60 -18 64 -120 -40 89
3068 2935 -60 -18 64 -105 3 -89
3068 2945 7 -55 88 92 102 -74
3063 2946 -20 -34 52 -103 17 -59
3052 2952 -20 -34 52 -106 -107 -103
3053 2960 -18 -31 62 122 -122 -7
3070 2971 -26 -21 52 79 -63 37
3095 2974 -26 -21 52 -88 -108 33
3104 2978 25 28 76 46 15 -100
3108 2975 -56 51 79 -31 56 45
3087 2977 -56 51 79 -82 11 73
3068 2981 -33 -116 83 -90 95 -116
3056 2991 -65 121 83 -30 -49 44
3015 2995 -65 121 83 43 -34 -42
3014 3005 -32 -104 73 72 -113 -81
3027 3012 -57 70 92 -35 -116 77
3030 3010 -16 56 76 31 56 -122
3035 3001 -16 56 76 31 -61 -66
3038 2997 9 49 46 100 -15 67
3020 2984 11 41 56 -38 -89 -56
2993 2963 11 41 56 5 -98 6
2967 2964 -26 24 67 60 -72 -123
2968 2961 -8 -13 71 -50 116 -75
2978 2970 -8 -13 71 -105 -100 -104
2997 2971 -1 -13 60 -82 49 -108
3015 2969 14 31 33 -48 35 32
3035 2986 14 31 33 -76 -5 89
3049 2973 -7 19 55 -79 -66 81
3070 2962 -2 22 39 121 36 61
3089 2991 -2 22 39 123 -56 106
3099 2993 -16 33 70 -74 -106 -111
3114 2991 -8 33 73 -42 64 -36
3127 2970 -2 33 56 -107 53 97
3139 2964 -2 33 56 -97 28 94
3152 2974 -7 40 47 -82 -22 17
3164 2983 9 31 55 -78 -76 91
3173 2995 9 31 55 -81 41 23
3189 3002 -16 14 40 29 -80 -77
3197 3019 -1 15 55 42 12 -101
3202 3028 -1 15 55 20 -31 -39
3201 3038 -26 14 55 -44 31 -3
3207 3046 0 24 56 92 14 -9
3211 3050 0 24 56 -46 -68 52
3211 3044 -4 28 38 41 112 -96
3213 3024 -13 25 54 -4 -46 102
3178 3021 -13 25 54 -82 85 65
3122 3010 -4 25 28 57 -19 -71
3062 2996 0 25 38 70 -47 -65
3006 2986 12 19 39 116 -1 86
2970 2968 12 19 39 98 12 24
2942 2959 -4 30 28 -78 -24 62
2912 2952 8 39 19 -100 112 12
2868 2942 8 39 19 66 -99 102
2844 2946 7 39 35 -80 -4 8
2835 2948 7 39 39 -80 -52 -20
2836 2958 7 39 39 38 15 -64
2846 2964 4 47 41 -89 85 -8
2862 2970 -1 41 31 -48 86 -91
2882 2970 -1 41 31 31 86 10
2900 2975 7 39 36 -28 -52 87
2914 2978 4 47 31 -115 -72 -65
2925 2984 4 47 31 -27 -107 103
2937 2991 7 40 28 -27 40 69
2946 2997 -8 40 35 56 -123 -38
2957 3004 6 55 33 93 49 112
2964 3010 6 55 33 111 107 15
2960 3009 -1 51 33 -116 93 -19
2958 3009 -4 48 35 -72 16 97
2978 3014 -4 48 35 -61 27 105
2991 3016 -4 59 41 121 62 34
2999 3018 -1 48 44 102 -121 -115
3004 3024 -1 48 44 -120 -97 59
3007 3026 -5 55 39 104 76 -39
3007 3029 -2 62 33 12 28 13
3009 3031 -2 62 33 -87 20 -80
3008 3035 1 53 38 -34 -111 124
3010 3038 -1 51 32 -82 91 39
3017 3043 -1 51 32 98 59 82
2993 3042 -1 51 44 -65 -22 127
2939 3035 -5 48 46 -123 -113 -56
2914 3023 3 51 35 83 26 49
2910 3017 3 51 35 76 -4 -102
2930 3015 3 48 39 -67 -90 -87
2957 3017 7 52 24 -29 -125 -44
2987 3022 7 52 24 -61 105 44
3017 3017 3 51 31 -15 56 -76
3051 3006 3 55 25 -106 50 8
3079 3015 3 55 25 101 65 -111
3104 3013 7 40 30 84 114 10
3124 3024 4 40 31 -59 94 109
3141 3022 4 40 31 -29 -127 -88
3157 3024 7 36 39 88 -21 -96
3170 3031 -2 35 39 -41 23 -94
3181 3039 -2 35 39 39 -87 -87
3191 3043 4 35 40 -72 -9 -127
3195 3048 3 28 30 -50 95 -110
3202 3050 11 35 32 103 -16 -99
3207 3054 11 35 32 88 -38 -108
3212 3063 -1 36 35 -77 121 53
3214 3064 3 35 31 -102 40 -54
3214 3063 3 35 31 67 -4 -122
3209 3025 -1 32 25 -38 19 -122
3182 3027 8 35 24 95 118 127
3122 3028 8 35 24 35 26 38
3070 3029 3 38 28 42 -127 66
3006 3014 8 35 19 -96 -22 46
2953 3005 8 35 19 3 -25 -97
2910 3000 9 35 22 20 58 127
2868 2995 4 35 18 -101 18 63
2855 2993 4 35 18 78 -98 30
2851 2993 8 35 25 84 87 -9
2859 3001 8 35 19 44 28 51
2863 3008 11 44 30 -6 -99 99
2864 3010 11 44 30 -12 -85 117
2876 3013 -2 40 31 -9 20 92
2886 3017 7 44 24 29 24 101
2897 3017 7 44 24 66 37 123
2907 3019 7 47 28 96 122 66
2920 3025 12 41 23 120 123 -25
2930 3025 12 41 23 -27 95 -94
2944 3029 7 46 22 99 -5 11
2951 3033 1 54 24 -121 78 10
2960 3034 1 54 24 -50 -40 -108
2968 3036 -1 52 28 -41 20 17
2974 3041 3 56 30 -11 -16 -38
2976 3043 3 56 30 -78 24 -40
2934 3042 7 51 24 116 -14 94
2909 3042 4 51 24 -89 -109 -33
2897 3036 -1 54 24 -103 40 -89
2913 3040 -1 54 24 76 -120 106
2946 3037 8 48 27 -86 -122 -26
2987 3038 6 57 20 57 125 126
3020 3032 6 57 20 49 82 -13
3051 3038 7 51 19 39 37 100
3084 3033 6 55 16 57 83 108
3105 3032 6 55 16 25 42 25
3123 3037 -5 51 19 127 -30 -38
3140 3032 7 49 19 -94 50 -49
3151 3034 7 49 19 23 75 84
3160 3043 9 51 25 -47 95 -111
3175 3050 15 49 22 -11 10 119
3188 3057 15 49 22 -17 4 -44
3194 3065 3 46 22 -96 15 -69
3201 3074 7 46 17 3 -127 112
3205 3079 7 46 17 70 20 -36
3208 3081 7 47 19 100 -32 7
3208 3073 7 39 19 -30 -97 -6
3199 3061 3 48 16 95 -9 92
3176 3053 3 48 16 -117 65 109
3139 3051 12 36 12 86 117 80
3074 3047 8 51 19 11 -107 18
3028 3046 8 51 19 -5 41 70
3000 3035 12 31 15 -93 126 30
2987 3026 3 39 16 -123 -48 2
2965 3019 3 39 16 -52 86 47
2940 3024 7 32 15 45 102 77
2922 3026 6 32 19 -96 8 69
2910 3030 6 32 19 17 -61 -60
2904 3029 9 30 20 -19 102 -91
2900 3036 15 35 17 -87 55 -127
2888 3041 15 35 17 79 -112 49
2873 3043 12 43 25 -65 27 78
2881 3049 8 40 16 56 32 -20
2882 3055 3 35 17 70 9 22
2886 3058 3 35 17 -91 -51 77
2892 3054 15 35 15 -42 90 79
2884 3056 -2 32 39 -45 111 -112
2893 3058 -2 32 39 4 -119 -2
2896 3058 9 32 22 -18 -51 -99
2898 3056 15 33 16 11 58 -113
2902 3056 15 33 16 -83 83 -85
2910 3060 6 35 20 -98 -46 -48
2907 3058 12 23 12 17 102 -1
2908 3059 12 23 12 102 -111 -104
2915 3053 19 35 4 -71 -15 88
2919 3061 16 40 3 -106 -46 -8
2925 3060 16 40 3 -67 67 -111
2934 3063 7 19 17 17 67 8
2938 3067 9 25 7 -33 87 -30
2931 3068 19 31 17 -98 33 0
2937 3069 19 31 17 -20 -16 -38
2938 3075 12 24 12 119 -119 -24
2948 3078 14 32 6 -8 -119 -86
2953 3077 14 32 6 -102 -105 -122
2957 3074 12 39 7 36 76 -14
2961 3074 19 32 -1 -45 -64 3
2965 3074 19 32 -1 19 36 81
2967 3076 12 30 3 -21 16 73
2969 3080 8 35 13 -59 77 -105
2969 3081 8 35 13 28 95 -103
2965 3076 11 35 7 -103 40 -15
2961 3013 -1 35 7 111 -128 -109
2932 2954 -1 35 7 52 -29 -96
2918 2950 15 36 12 -103 6 -125
2930 2951 9 35 14 58 116 -64
2947 2953 6 28 28 18 -50 26
2962 2963 6 28 28 -112 113 43
2985 2979 7 30 39 123 -13 -3
3000 2998 7 31 39 13 68 -17
3017 3009 7 31 39 45 -12 59
3031 3018 7 27 32 46 -108 28
3042 3026 3 28 39 -128 56 70
3056 3027 3 28 39 56 25 -48
3065 3025 3 22 39 -72 -43 29
3077 3023 3 28 48 -107 -87 -18
3083 3019 3 28 48 -67 57 -91
3089 3020 3 24 35 19 123 -34
3098 3016 1 28 31 61 -42 4
3106 3024 1 28 31 -8 2 -103
3112 3038 12 33 39 76 -16 -100
3113 3044 3 23 39 -100 69 41
3112 3040 4 24 31 25 2 71
3113 3026 4 24 31 124 -35 91
3113 2978 14 24 31 -33 -115 89
3110 2944 3 19 35 -28 -111 9
3102 2923 3 19 35 -116 -86 -23
3095 2900 7 24 28 -88 -73 -88
3081 2921 7 30 24 49 -82 -76
3060 2936 7 30 24 108 122 18
3056 2954 6 24 31 -111 112 49
3047 2965 7 25 28 0 94 -86
3046 2981 7 25 28 117 24 2
3036 2991 7 22 25 -61 -67 -72
3028 3000 3 22 39 90 -60 -69
3033 3009 3 22 39 33 20 86
3022 3013 12 16 31 116 59 37
2984 3013 7 28 24 -72 73 -5
2936 3010 6 33 22 -25 72 -112
2896 3016 6 33 22 -88 -13 -13
2872 3019 12 20 17 28 2 -12
2857 3021 11 24 20 -16 -16 -73
2860 3022 11 24 20 -39 -3 8
2878 3024 7 27 17 71 12 -2
2885 3021 9 25 19 -15 18 102
2907 3027 9 25 19 64 105 -120
2918 3024 12 24 15 105 -36 87
2902 2983 17 24 15 -48 -6 94
2894 2944 17 24 15 -45 116 66
2919 2920 12 27 6 15 90 61
2932 2940 14 28 20 74 108 84
2962 2957 14 28 20 -94 54 120
2980 2981 7 24 25 -55 -108 67
2998 2995 6 28 25 16 0 -81
3020 3003 6 28 35 97 92 33
3031 3015 3 15 35 -111 66 -62
3045 3024 12 24 39 94 115 -28
3060 3028 -1 19 46 61 117 -61
3073 3035 -1 19 46 -127 -119 -2
3086 3039 7 19 28 44 -111 -10
3095 3043 -4 19 48 -9 -64 -76
3104 3048 -4 19 48 96 123 64
3113 3043 -4 28 48 -8 88 -2
3118 3035 -7 23 47 90 -110 -27
3121 3005 -7 23 47 -34 50 2
3120 2925 -16 28 51 17 -62 27
3121 2891 -8 31 46 47 77 -14
3114 2910 -8 31 46 111 34 -8
3095 2935 3 40 44 -58 110 28
3056 2957 3 41 31 -94 118 -113
3035 2970 3 41 31 17 -29 -79
2999 2974 6 43 36 -82 91 -45
2949 2982 4 31 35 -89 -66 25
2903 2980 -1 27 33 68 75 -57
2875 2973 -1 27 33 30 24 9
2867 2978 -15 19 48 101 5 56
2880 2984 -13 6 40 -31 -110 106
2892 2990 -13 6 40 -122 124 99
2894 3004 -2 -13 42 57 19 92
2902 3005 -4 -23 48 -25 4 20
2906 3006 -4 -23 48 115 -96 10
2909 3004 6 -2 39 -114 121 -51
2913 3002 7 40 31 -35 33 -69
2922 2999 7 40 31 84 -18 6
2931 3005 15 76 25 68 4 -32
2940 3001 7 64 48 70 -59 -83
2946 3000 7 64 48 -112 -115 123
2963 2999 -20 47 63 -92 95 -63
2957 3004 -28 8 88 -34 78 93
2942 3015 -29 24 83 121 -41 86
2936 3013 -29 24 83 22 -117 -110
2954 3006 -2 41 71 -10 -66 -4
2961 3016 -4 25 44 -25 -4 -101
2967 2994 -4 25 44 -45 -87 -74
2970 2980 3 75 19 -83 -33 74
2996 2971 19 -100 60 -27 -84 5
2993 2969 19 -100 60 -35 115 47
3005 2952 -122 -101 -113 47 -103 57
2993 2945 118 -116 -116 21 -101 -95
2977 2941 118 -116 -116 -98 -107 -42
2995 2959 -84 -61 -116 -21 122 99
3029 2977 -97 -88 107 26 -40 57
3031 2937 -97 -88 107 -6 -116 -54
3032 2956 -34 118 113 -55 -82 35
3050 2945 -25 64 67 -76 -41 -50
3060 2955 7 74 115 40 -7 57
3073 2974 7 74 115 -7 81 -80
3075 2982 -68 56 88 -12 105 126
3073 2988 -18 22 87 53 -68 -79
3073 2991 -18 22 87 -118 75 18
3080 2987 -25 7 95 -116 -71 -104
3055 2987 -34 17 88 -112 46 -115
3029 2993 -34 17 88 79 -74 2
3023 2981 -15 39 96 -89 -101 26
3036 2985 -1 83 105 -111 -93 8
3031 2954 -1 83 105 114 -56 -92
3022 2964 -71 -113 103 63 -9 35
3012 2979 -72 88 92 122 -116 33
3023 2992 -72 88 92 -37 3 -13
3024 2989 -4 103 91 -114 33 4
3033 3002 -34 95 47 -13 25 -128
3029 2995 7 79 46 -81 -75 14
3028 2989 7 79 46 -121 29 121
3039 2987 7 59 55 -81 62 -94
3038 2983 -8 32 51 -73 -40 -92
2981 2950 -8 32 51 -13 123 41
2870 2940 15 28 54 29 79 -105
2876 2955 -13 7 71 -114 -17 94
2871 2968 -13 7 71 -122 49 -35
2893 2978 -40 -4 79 -21 65 -72
2891 2984 1 -2 65 19 -80 110
2919 2986 1 -2 65 1 -78 -34
2925 3003 -5 -13 33 -92 13 95
2914 2984 -4 7 57 -99 35 69
2885 2976 -4 7 57 -67 107 -42
2964 2955 23 54 46 101 53 91
3051 3041 -40 94 51 9 -101 -89
3069 2965 -5 92 46 -105 -115 -89
3051 2934 -5 92 46 36 109 -15
3053 2924 -50 124 88 -116 5 90
3044 2938 -13 126 38 20 -8 100
3037 2968 -13 126 38 -102 -17 -16
3030 2960 16 99 24 -47 -47 26
3024 2976 -20 71 30 -60 17 -45
3026 2957 -20 71 30 -107 7 0
3023 2954 -1 71 48 38 47 44
3023 2941 -13 75 62 -47 101 -99
3035 2942 -13 75 62 -47 -84 41
3047 2930 -2 86 48 114 -68 -56
3032 2922 -8 70 56 -42 100 -44
3021 2980 -8 70 56 -91 100 47
3042 2945 7 63 71 68 77 7
3021 2956 -18 86 70 123 -20 76
2996 2969 -16 76 67 -38 72 85
2939 2971 -16 76 67 -80 90 98
2832 2958 -18 72 62 4 -118 -35
2866 2972 -17 38 92 101 -70 88
2886 2955 -17 38 92 27 66 39
2966 2987 -18 63 64 -19 114 -48
3036 3011 -17 89 64 -69 -87 27
3074 3025 -17 89 64 69 -79 -47
3095 3021 -12 103 55 -109 90 75
3110 2997 -39 108 88 -27 -25 33
3119 3014 -39 108 88 12 89 -104
3125 3029 -63 120 123 96 94 37
3131 3038 -71 97 126 25 -47 22
3130 3045 -71 97 126 14 45 97
3127 3042 -42 115 103 81 -30 60
3119 3051 -31 99 72 88 -4 20
3100 3052 15 92 70 -78 62 -50
3094 3061 15 92 70 -66 65 57
3076 3051 -31 -105 81 -22 -82 -54
3069 3040 -85 -48 88 36 -36 -91
3069 3049 -85 -48 88 104 -56 28
3071 3045 -82 -60 96 -46 116 -29
3076 3002 -80 -63 76 2 82 122
3067 2971 -80 -63 76 -14 46 40
3028 2970 -41 -125 83 26 -111 -58
3011 2945 -18 103 65 118 47 -127
2984 2931 -18 103 65 -100 -76 -25
2962 2943 -25 48 88 42 55 81
2956 2956 -13 -4 60 57 53 -22
2952 2970 -13 -4 60 -124 100 -27
2966 2982 12 51 47 -116 69 108
2986 2982 -1 31 41 44 118 49
2990 2976 -1 31 41 -10 -33 -124
3002 2981 3 37 22 13 92 -88
3011 2990 -4 71 25 -3 96 39
3016 3000 15 56 24 -105 60 -83
3020 3004 15 56 24 104 34 109
3017 3003 9 54 15 6 35 -110
3023 3000 9 70 31 108 111 29
3017 3002 9 70 31 114 -12 -124
2981 2993 20 112 31 82 86 66
2908 2987 -8 56 43 101 -69 83
2902 2979 -8 56 43 109 -74 63
2925 2982 -16 31 47 17 -116 -84
2939 2989 4 99 24 114 125 -72
2950 2998 4 99 24 85 112 -90
2936 3005 -13 56 46 13 -104 123
2934 3011 -16 52 56 -126 -107 49
2948 3009 -16 52 56 -33 -59 -81
2959 3008 -4 83 38 -59 -29 66
2968 3012 6 48 48 27 54 -71
2952 3012 -1 60 31 103 115 -20
2924 2994 -1 60 31 119 -81 22
2936 3008 -2 67 31 -102 -26 -55
2951 3008 15 56 46 117 -88 -42
2959 3003 15 56 46 44 -70 -113
2956 2999 -15 39 44 15 -120 124
2929 2988 -12 56 33 -75 31 -66
2910 2949 -12 56 33 51 -4 27
2922 2965 14 46 31 70 -105 4
2932 2972 16 95 7 29 -6 104
2955 2987 16 95 7 83 -69 -124
2964 2994 -8 58 41 2 18 -101
2969 2999 4 63 35 -83 -29 112
2959 3001 4 63 35 76 -104 -21
2964 3007 -18 49 57 97 -49 93
2956 3004 12 73 27 -54 -124 -27
2963 3004 -9 47 44 -23 -92 2
2956 3003 -9 47 44 -98 -101 -88
2951 2997 -8 44 35 -61 44 113
2949 2978 -8 78 30 -6 68 64
2952 2976 -8 78 30 71 -92 -30
2963 2980 -1 115 7 -98 13 76
2971 2982 -4 99 30 30 -42 7
2965 2966 -4 99 30 36 -34 -67
2955 2981 -4 96 19 -124 -24 109
2977 3000 7 60 35 -127 -8 31
2991 2997 7 60 35 84 -74 102
2949 2972 -13 55 41 74 -14 123
2946 2969 1 72 25 2 14 -91
2954 2988 1 72 25 48 -80 127
2951 3002 -1 56 24 -29 -96 -40
2950 3009 3 51 28 84 -123 -20
2960 3005 16 52 9 43 -105 81
2971 3007 16 52 9 110 -95 -85
2988 3014 4 56 27 -63 -100 -9
2970 3010 -16 35 51 91 63 30
2967 3014 -16 35 51 98 81 15
2970 3018 24 76 6 -105 -81 63
2985 3027 3 57 36 -82 -108 -4
2968 3014 3 57 36 -117 -45 23
2959 2997 4 51 9 -15 32 -40
2973 2999 -8 54 35 -9 -54 -47
2984 2998 -8 54 35 -10 6 110
2994 2987 6 72 23 28 60 -38
2998 2992 12 70 25 -57 -14 37
3005 2996 12 70 25 -51 60 -99
3002 2993 -4 56 24 94 -82 -53
3012 2980 -1 63 24 57 12 -58
2991 2959 12 63 3 -94 119 -37
2990 2942 12 63 3 60 -122 30
2999 2955 6 72 24 -3 -107 -67
3004 2967 3 65 24 4 -35 -105
3010 2978 3 65 24 -114 52 81
3022 2993 -8 56 33 -15 -66 -95
3019 3000 -7 59 28 -28 -108 81
2996 2999 -7 59 28 121 126 -63
2992 3000 6 49 52 -40 59 -54
2984 2997 -17 67 41 106 100 35
2992 3001 -17 67 41 79 -42 55
2979 2976 -2 99 24 40 13 100
2992 2983 3 67 23 -86 -71 8
2997 2994 3 67 23 -97 -108 -45
2981 3002 5 83 15 -49 46 -36
2998 3015 6 64 24 -83 48 31
3013 3021 7 67 20 -42 -26 65
3026 3025 7 67 20 -55 -50 -7
3033 3028 3 70 11 -50 -71 73
3028 3027 3 70 20 -60 -9 -43
3021 3026 3 70 20 24 27 69
3020 3028 6 60 15 -58 123 -116
3020 3025 6 55 7 -111 82 -27
3027 3028 6 55 7 -34 31 22
3029 3027 -2 47 28 74 -19 33
3036 3030 15 33 15 104 -57 13
3012 3003 15 33 15 -95 0 21
2947 2971 9 16 19 -13 55 -113
2947 2969 19 38 -2 -18 -107 -66
3010 2974 19 38 -2 -7 -104 -98
3031 2980 7 126 -1 60 -60 -81
3032 2986 -20 -116 1 -116 -28 -27
3019 2992 -25 -97 9 124 -15 -95
3017 2999 -25 -97 9 36 -38 101
3029 3012 -15 -29 -18 -54 -78 -58
3000 3001 -37 127 25 47 -102 115
3018 3009 -37 127 25 -40 -68 -66
3031 3017 -8 -36 -5 -83 -82 -32
3009 3021 -8 -52 -8 -96 -16 124
2969 2969 -8 -52 -8 -13 74 57
2983 2992 -32 -124 25 88 -95 8
2997 2998 -21 -119 39 -20 -102 -53
2998 3006 -21 -119 39 -99 47 -105
2986 3011 -23 127 15 119 21 31
2968 2989 -29 115 20 9 100 -85
2963 2970 -29 115 20 -30 48 95
2979 2990 7 112 -4 -43 -55 -31
2994 3000 6 97 24 -5 -108 -29
2980 3003 -13 92 24 79 91 -72
2970 3005 -13 92 24 -39 -109 -59
2987 3004 4 71 19 -34 103 -1
2929 2958 4 71 16 54 -100 -61
2948 2936 4 71 16 -74 107 97
2968 2959 7 57 19 97 -74 -75
2986 2977 3 88 24 -14 111 -37
2967 2988 3 88 24 -102 73 94
2986 2993 -2 54 35 29 94 -95
2994 2995 -1 71 25 -126 -117 -32
3005 3003 -1 71 25 -30 29 109
3019 3002 -13 56 44 -114 65 -102
3016 3011 8 61 31 7 -9 96
3022 3012 8 61 31 114 -58 24
2987 3003 -5 62 24 4 -17 -67
2983 2957 -1 62 31 45 -15 -15
2995 2980 15 95 15 18 118 -30
3008 2988 15 95 15 55 82 77
3018 2992 9 63 17 -64 16 97
3016 2988 15 46 14 46 -51 19
2981 2983 15 46 14 5 -4 62
2987 2983 -1 57 56 -104 -108 121
2996 2969 7 35 17 126 -21 -106
3010 2982 7 35 17 75 -44 41
